# the first line is K value, the rows are energy and flux @ given K value
0.00000e+00 1.96556e+00
9.60000e+03 8.50474e+13
9.60268e+03 8.72899e+13
9.60535e+03 8.94529e+13
9.60803e+03 9.15239e+13
9.61070e+03 9.34908e+13
9.61338e+03 9.53414e+13
9.61605e+03 9.70638e+13
9.61873e+03 9.86466e+13
9.62140e+03 1.00079e+14
9.62408e+03 1.01351e+14
9.62676e+03 1.02454e+14
9.62943e+03 1.03381e+14
9.63211e+03 1.04124e+14
9.63478e+03 1.04680e+14
9.63746e+03 1.05045e+14
9.64013e+03 1.05219e+14
9.64281e+03 1.05201e+14
9.64548e+03 1.04996e+14
9.64816e+03 1.04608e+14
9.65084e+03 1.04044e+14
9.65351e+03 1.03313e+14
9.65619e+03 1.02428e+14
9.65886e+03 1.01401e+14
9.66154e+03 1.00249e+14
9.66421e+03 9.89890e+13
9.66689e+03 9.76397e+13
9.66957e+03 9.62216e+13
9.67224e+03 9.47563e+13
9.67492e+03 9.32658e+13
9.67759e+03 9.17727e+13
9.68027e+03 9.02995e+13
9.68294e+03 8.88683e+13
9.68562e+03 8.75002e+13
9.68829e+03 8.62152e+13
9.69097e+03 8.50315e+13
9.69365e+03 8.39652e+13
9.69632e+03 8.30302e+13
9.69900e+03 8.22374e+13
9.70167e+03 8.15951e+13
9.70435e+03 8.11081e+13
9.70702e+03 8.07780e+13
9.70970e+03 8.06028e+13
9.71237e+03 8.05773e+13
9.71505e+03 8.06929e+13
9.71773e+03 8.09380e+13
9.72040e+03 8.12983e+13
9.72308e+03 8.17570e+13
9.72575e+03 8.22956e+13
9.72843e+03 8.28941e+13
9.73110e+03 8.35318e+13
9.73378e+03 8.41876e+13
9.73645e+03 8.48408e+13
9.73913e+03 8.54713e+13
9.74181e+03 8.60607e+13
9.74448e+03 8.65923e+13
9.74716e+03 8.70522e+13
9.74983e+03 8.74291e+13
9.75251e+03 8.77149e+13
9.75518e+03 8.79050e+13
9.75786e+03 8.79983e+13
9.76054e+03 8.79968e+13
9.76321e+03 8.79060e+13
9.76589e+03 8.77341e+13
9.76856e+03 8.74917e+13
9.77124e+03 8.71916e+13
9.77391e+03 8.68480e+13
9.77659e+03 8.64759e+13
9.77926e+03 8.60907e+13
9.78194e+03 8.57076e+13
9.78462e+03 8.53406e+13
9.78729e+03 8.50025e+13
9.78997e+03 8.47040e+13
9.79264e+03 8.44536e+13
9.79532e+03 8.42572e+13
9.79799e+03 8.41179e+13
9.80067e+03 8.40360e+13
9.80334e+03 8.40092e+13
9.80602e+03 8.40328e+13
9.80870e+03 8.41000e+13
9.81137e+03 8.42023e+13
9.81405e+03 8.43303e+13
9.81672e+03 8.44738e+13
9.81940e+03 8.46227e+13
9.82207e+03 8.47673e+13
9.82475e+03 8.48988e+13
9.82742e+03 8.50097e+13
9.83010e+03 8.50943e+13
9.83278e+03 8.51487e+13
9.83545e+03 8.51708e+13
9.83813e+03 8.51606e+13
9.84080e+03 8.51201e+13
9.84348e+03 8.50527e+13
9.84615e+03 8.49632e+13
9.84883e+03 8.48575e+13
9.85151e+03 8.47419e+13
9.85418e+03 8.46230e+13
9.85686e+03 8.45070e+13
9.85953e+03 8.43994e+13
9.86221e+03 8.43048e+13
9.86488e+03 8.42264e+13
9.86756e+03 8.41663e+13
9.87023e+03 8.41249e+13
9.87291e+03 8.41016e+13
9.87559e+03 8.40944e+13
9.87826e+03 8.41005e+13
9.88094e+03 8.41162e+13
9.88361e+03 8.41376e+13
9.88629e+03 8.41608e+13
9.88896e+03 8.41820e+13
9.89164e+03 8.41979e+13
9.89431e+03 8.42061e+13
9.89699e+03 8.42047e+13
9.89967e+03 8.41930e+13
9.90234e+03 8.41711e+13
9.90502e+03 8.41398e+13
9.90769e+03 8.41006e+13
9.91037e+03 8.40557e+13
9.91304e+03 8.40074e+13
9.91572e+03 8.39580e+13
9.91839e+03 8.39098e+13
9.92107e+03 8.38648e+13
9.92375e+03 8.38246e+13
9.92642e+03 8.37901e+13
9.92910e+03 8.37618e+13
9.93177e+03 8.37395e+13
9.93445e+03 8.37225e+13
9.93712e+03 8.37098e+13
9.93980e+03 8.37001e+13
9.94247e+03 8.36918e+13
9.94515e+03 8.36834e+13
9.94783e+03 8.36737e+13
9.95050e+03 8.36614e+13
9.95318e+03 8.36459e+13
9.95585e+03 8.36267e+13
9.95853e+03 8.36039e+13
9.96120e+03 8.35777e+13
9.96388e+03 8.35491e+13
9.96656e+03 8.35187e+13
9.96923e+03 8.34877e+13
9.97191e+03 8.34572e+13
9.97458e+03 8.34281e+13
9.97726e+03 8.34011e+13
9.97993e+03 8.33768e+13
9.98261e+03 8.33553e+13
9.98528e+03 8.33365e+13
9.98796e+03 8.33199e+13
9.99064e+03 8.33049e+13
9.99331e+03 8.32906e+13
9.99599e+03 8.32762e+13
9.99866e+03 8.32607e+13
1.00013e+04 8.32433e+13
1.00040e+04 8.32237e+13
1.00067e+04 8.32016e+13
1.00094e+04 8.31771e+13
1.00120e+04 8.31505e+13
1.00147e+04 8.31225e+13
1.00174e+04 8.30942e+13
1.00201e+04 8.30663e+13
1.00227e+04 8.30401e+13
1.00254e+04 8.30164e+13
1.00281e+04 8.29959e+13
1.00308e+04 8.29791e+13
1.00334e+04 8.29660e+13
1.00361e+04 8.29563e+13
1.00388e+04 8.29492e+13
1.00415e+04 8.29437e+13
1.00441e+04 8.29385e+13
1.00468e+04 8.29320e+13
1.00495e+04 8.29228e+13
1.00522e+04 8.29094e+13
1.00548e+04 8.28907e+13
1.00575e+04 8.28658e+13
1.00602e+04 8.28345e+13
1.00629e+04 8.27970e+13
1.00656e+04 8.27543e+13
1.00682e+04 8.27076e+13
1.00709e+04 8.26589e+13
1.00736e+04 8.26107e+13
1.00763e+04 8.25654e+13
1.00789e+04 8.25257e+13
1.00816e+04 8.24941e+13
1.00843e+04 8.24727e+13
1.00870e+04 8.24631e+13
1.00896e+04 8.24664e+13
1.00923e+04 8.24824e+13
1.00950e+04 8.25105e+13
1.00977e+04 8.25487e+13
1.01003e+04 8.25945e+13
1.01030e+04 8.26442e+13
1.01057e+04 8.26938e+13
1.01084e+04 8.27387e+13
1.01110e+04 8.27740e+13
1.01137e+04 8.27953e+13
1.01164e+04 8.27984e+13
1.01191e+04 8.27798e+13
1.01217e+04 8.27371e+13
1.01244e+04 8.26693e+13
1.01271e+04 8.25766e+13
1.01298e+04 8.24610e+13
1.01324e+04 8.23259e+13
1.01351e+04 8.21760e+13
1.01378e+04 8.20176e+13
1.01405e+04 8.18578e+13
1.01431e+04 8.17042e+13
1.01458e+04 8.15650e+13
1.01485e+04 8.14480e+13
1.01512e+04 8.13606e+13
1.01538e+04 8.13093e+13
1.01565e+04 8.12993e+13
1.01592e+04 8.13343e+13
1.01619e+04 8.14160e+13
1.01645e+04 8.15445e+13
1.01672e+04 8.17175e+13
1.01699e+04 8.19308e+13
1.01726e+04 8.21780e+13
1.01753e+04 8.24512e+13
1.01779e+04 8.27405e+13
1.01806e+04 8.30350e+13
1.01833e+04 8.33229e+13
1.01860e+04 8.35919e+13
1.01886e+04 8.38300e+13
1.01913e+04 8.40253e+13
1.01940e+04 8.41673e+13
1.01967e+04 8.42467e+13
1.01993e+04 8.42557e+13
1.02020e+04 8.41888e+13
1.02047e+04 8.40427e+13
1.02074e+04 8.38163e+13
1.02100e+04 8.35112e+13
1.02127e+04 8.31314e+13
1.02154e+04 8.26832e+13
1.02181e+04 8.21755e+13
1.02207e+04 8.16191e+13
1.02234e+04 8.10267e+13
1.02261e+04 8.04124e+13
1.02288e+04 7.97918e+13
1.02314e+04 7.91809e+13
1.02341e+04 7.85960e+13
1.02368e+04 7.80533e+13
1.02395e+04 7.75686e+13
1.02421e+04 7.71566e+13
1.02448e+04 7.68308e+13
1.02475e+04 7.66032e+13
1.02502e+04 7.64840e+13
1.02528e+04 7.64812e+13
1.02555e+04 7.66009e+13
1.02582e+04 7.68466e+13
1.02609e+04 7.72197e+13
1.02635e+04 7.77189e+13
1.02662e+04 7.83408e+13
1.02689e+04 7.90795e+13
1.02716e+04 7.99272e+13
1.02742e+04 8.08741e+13
1.02769e+04 8.19088e+13
1.02796e+04 8.30182e+13
1.02823e+04 8.41882e+13
1.02849e+04 8.54034e+13
1.02876e+04 8.66481e+13
1.02903e+04 8.79057e+13
1.02930e+04 8.91597e+13
1.02957e+04 9.03938e+13
1.02983e+04 9.15918e+13
1.03010e+04 9.27381e+13
1.03037e+04 9.38181e+13
1.03064e+04 9.48178e+13
1.03090e+04 9.57244e+13
1.03117e+04 9.65264e+13
1.03144e+04 9.72133e+13
1.03171e+04 9.77761e+13
1.03197e+04 9.82072e+13
1.03224e+04 9.85005e+13
1.03251e+04 9.86513e+13
1.03278e+04 9.86566e+13
1.03304e+04 9.85146e+13
1.03331e+04 9.82250e+13
1.03358e+04 9.77886e+13
1.03385e+04 9.72075e+13
1.03411e+04 9.64847e+13
1.03438e+04 9.56245e+13
1.03465e+04 9.46316e+13
1.03492e+04 9.35121e+13
1.03518e+04 9.22724e+13
1.03545e+04 9.09198e+13
1.03572e+04 8.94619e+13
1.03599e+04 8.79069e+13
1.03625e+04 8.62630e+13
1.03652e+04 8.45389e+13
1.03679e+04 8.27431e+13
1.03706e+04 8.08840e+13
1.03732e+04 7.89702e+13
1.03759e+04 7.70101e+13
1.03786e+04 7.50118e+13
1.03813e+04 7.29834e+13
1.03839e+04 7.09325e+13
1.03866e+04 6.88667e+13
1.03893e+04 6.67929e+13
1.03920e+04 6.47177e+13
1.03946e+04 6.26475e+13
1.03973e+04 6.05879e+13
1.04000e+04 5.85442e+13
