     theta_x      theta_y  P.Density
        mrad         mrad    kW/mm^2
-1.80000e-02 -1.80000e-02  1.483e-01
-1.72800e-02 -1.80000e-02  1.484e-01
-1.65600e-02 -1.80000e-02  1.485e-01
-1.58400e-02 -1.80000e-02  1.485e-01
-1.51200e-02 -1.80000e-02  1.486e-01
-1.44000e-02 -1.80000e-02  1.487e-01
-1.36800e-02 -1.80000e-02  1.487e-01
-1.29600e-02 -1.80000e-02  1.488e-01
-1.22400e-02 -1.80000e-02  1.488e-01
-1.15200e-02 -1.80000e-02  1.489e-01
-1.08000e-02 -1.80000e-02  1.489e-01
-1.00800e-02 -1.80000e-02  1.489e-01
-9.36000e-03 -1.80000e-02  1.490e-01
-8.64000e-03 -1.80000e-02  1.490e-01
-7.92000e-03 -1.80000e-02  1.490e-01
-7.20000e-03 -1.80000e-02  1.491e-01
-6.48000e-03 -1.80000e-02  1.491e-01
-5.76000e-03 -1.80000e-02  1.491e-01
-5.04000e-03 -1.80000e-02  1.491e-01
-4.32000e-03 -1.80000e-02  1.491e-01
-3.60000e-03 -1.80000e-02  1.491e-01
-2.88000e-03 -1.80000e-02  1.492e-01
-2.16000e-03 -1.80000e-02  1.492e-01
-1.44000e-03 -1.80000e-02  1.492e-01
-7.20000e-04 -1.80000e-02  1.492e-01
 0.00000e+00 -1.80000e-02  1.492e-01
 7.20000e-04 -1.80000e-02  1.492e-01
 1.44000e-03 -1.80000e-02  1.492e-01
 2.16000e-03 -1.80000e-02  1.492e-01
 2.88000e-03 -1.80000e-02  1.492e-01
 3.60000e-03 -1.80000e-02  1.491e-01
 4.32000e-03 -1.80000e-02  1.491e-01
 5.04000e-03 -1.80000e-02  1.491e-01
 5.76000e-03 -1.80000e-02  1.491e-01
 6.48000e-03 -1.80000e-02  1.491e-01
 7.20000e-03 -1.80000e-02  1.490e-01
 7.92000e-03 -1.80000e-02  1.490e-01
 8.64000e-03 -1.80000e-02  1.490e-01
 9.36000e-03 -1.80000e-02  1.489e-01
 1.00800e-02 -1.80000e-02  1.489e-01
 1.08000e-02 -1.80000e-02  1.489e-01
 1.15200e-02 -1.80000e-02  1.488e-01
 1.22400e-02 -1.80000e-02  1.488e-01
 1.29600e-02 -1.80000e-02  1.487e-01
 1.36800e-02 -1.80000e-02  1.487e-01
 1.44000e-02 -1.80000e-02  1.486e-01
 1.51200e-02 -1.80000e-02  1.486e-01
 1.58400e-02 -1.80000e-02  1.485e-01
 1.65600e-02 -1.80000e-02  1.484e-01
 1.72800e-02 -1.80000e-02  1.484e-01
 1.80000e-02 -1.80000e-02  1.483e-01
-1.80000e-02 -1.72800e-02  1.493e-01
-1.72800e-02 -1.72800e-02  1.494e-01
-1.65600e-02 -1.72800e-02  1.494e-01
-1.58400e-02 -1.72800e-02  1.495e-01
-1.51200e-02 -1.72800e-02  1.496e-01
-1.44000e-02 -1.72800e-02  1.496e-01
-1.36800e-02 -1.72800e-02  1.497e-01
-1.29600e-02 -1.72800e-02  1.497e-01
-1.22400e-02 -1.72800e-02  1.498e-01
-1.15200e-02 -1.72800e-02  1.498e-01
-1.08000e-02 -1.72800e-02  1.499e-01
-1.00800e-02 -1.72800e-02  1.499e-01
-9.36000e-03 -1.72800e-02  1.499e-01
-8.64000e-03 -1.72800e-02  1.500e-01
-7.92000e-03 -1.72800e-02  1.500e-01
-7.20000e-03 -1.72800e-02  1.500e-01
-6.48000e-03 -1.72800e-02  1.500e-01
-5.76000e-03 -1.72800e-02  1.501e-01
-5.04000e-03 -1.72800e-02  1.501e-01
-4.32000e-03 -1.72800e-02  1.501e-01
-3.60000e-03 -1.72800e-02  1.501e-01
-2.88000e-03 -1.72800e-02  1.501e-01
-2.16000e-03 -1.72800e-02  1.501e-01
-1.44000e-03 -1.72800e-02  1.501e-01
-7.20000e-04 -1.72800e-02  1.501e-01
 0.00000e+00 -1.72800e-02  1.501e-01
 7.20000e-04 -1.72800e-02  1.501e-01
 1.44000e-03 -1.72800e-02  1.501e-01
 2.16000e-03 -1.72800e-02  1.501e-01
 2.88000e-03 -1.72800e-02  1.501e-01
 3.60000e-03 -1.72800e-02  1.501e-01
 4.32000e-03 -1.72800e-02  1.501e-01
 5.04000e-03 -1.72800e-02  1.501e-01
 5.76000e-03 -1.72800e-02  1.500e-01
 6.48000e-03 -1.72800e-02  1.500e-01
 7.20000e-03 -1.72800e-02  1.500e-01
 7.92000e-03 -1.72800e-02  1.500e-01
 8.64000e-03 -1.72800e-02  1.499e-01
 9.36000e-03 -1.72800e-02  1.499e-01
 1.00800e-02 -1.72800e-02  1.499e-01
 1.08000e-02 -1.72800e-02  1.498e-01
 1.15200e-02 -1.72800e-02  1.498e-01
 1.22400e-02 -1.72800e-02  1.498e-01
 1.29600e-02 -1.72800e-02  1.497e-01
 1.36800e-02 -1.72800e-02  1.497e-01
 1.44000e-02 -1.72800e-02  1.496e-01
 1.51200e-02 -1.72800e-02  1.495e-01
 1.58400e-02 -1.72800e-02  1.495e-01
 1.65600e-02 -1.72800e-02  1.494e-01
 1.72800e-02 -1.72800e-02  1.493e-01
 1.80000e-02 -1.72800e-02  1.493e-01
-1.80000e-02 -1.65600e-02  1.502e-01
-1.72800e-02 -1.65600e-02  1.503e-01
-1.65600e-02 -1.65600e-02  1.504e-01
-1.58400e-02 -1.65600e-02  1.504e-01
-1.51200e-02 -1.65600e-02  1.505e-01
-1.44000e-02 -1.65600e-02  1.506e-01
-1.36800e-02 -1.65600e-02  1.506e-01
-1.29600e-02 -1.65600e-02  1.507e-01
-1.22400e-02 -1.65600e-02  1.507e-01
-1.15200e-02 -1.65600e-02  1.508e-01
-1.08000e-02 -1.65600e-02  1.508e-01
-1.00800e-02 -1.65600e-02  1.508e-01
-9.36000e-03 -1.65600e-02  1.509e-01
-8.64000e-03 -1.65600e-02  1.509e-01
-7.92000e-03 -1.65600e-02  1.509e-01
-7.20000e-03 -1.65600e-02  1.509e-01
-6.48000e-03 -1.65600e-02  1.510e-01
-5.76000e-03 -1.65600e-02  1.510e-01
-5.04000e-03 -1.65600e-02  1.510e-01
-4.32000e-03 -1.65600e-02  1.510e-01
-3.60000e-03 -1.65600e-02  1.510e-01
-2.88000e-03 -1.65600e-02  1.510e-01
-2.16000e-03 -1.65600e-02  1.511e-01
-1.44000e-03 -1.65600e-02  1.511e-01
-7.20000e-04 -1.65600e-02  1.511e-01
 0.00000e+00 -1.65600e-02  1.511e-01
 7.20000e-04 -1.65600e-02  1.511e-01
 1.44000e-03 -1.65600e-02  1.511e-01
 2.16000e-03 -1.65600e-02  1.510e-01
 2.88000e-03 -1.65600e-02  1.510e-01
 3.60000e-03 -1.65600e-02  1.510e-01
 4.32000e-03 -1.65600e-02  1.510e-01
 5.04000e-03 -1.65600e-02  1.510e-01
 5.76000e-03 -1.65600e-02  1.510e-01
 6.48000e-03 -1.65600e-02  1.509e-01
 7.20000e-03 -1.65600e-02  1.509e-01
 7.92000e-03 -1.65600e-02  1.509e-01
 8.64000e-03 -1.65600e-02  1.509e-01
 9.36000e-03 -1.65600e-02  1.508e-01
 1.00800e-02 -1.65600e-02  1.508e-01
 1.08000e-02 -1.65600e-02  1.508e-01
 1.15200e-02 -1.65600e-02  1.507e-01
 1.22400e-02 -1.65600e-02  1.507e-01
 1.29600e-02 -1.65600e-02  1.506e-01
 1.36800e-02 -1.65600e-02  1.506e-01
 1.44000e-02 -1.65600e-02  1.505e-01
 1.51200e-02 -1.65600e-02  1.505e-01
 1.58400e-02 -1.65600e-02  1.504e-01
 1.65600e-02 -1.65600e-02  1.503e-01
 1.72800e-02 -1.65600e-02  1.503e-01
 1.80000e-02 -1.65600e-02  1.502e-01
-1.80000e-02 -1.58400e-02  1.511e-01
-1.72800e-02 -1.58400e-02  1.512e-01
-1.65600e-02 -1.58400e-02  1.513e-01
-1.58400e-02 -1.58400e-02  1.513e-01
-1.51200e-02 -1.58400e-02  1.514e-01
-1.44000e-02 -1.58400e-02  1.515e-01
-1.36800e-02 -1.58400e-02  1.515e-01
-1.29600e-02 -1.58400e-02  1.516e-01
-1.22400e-02 -1.58400e-02  1.516e-01
-1.15200e-02 -1.58400e-02  1.516e-01
-1.08000e-02 -1.58400e-02  1.517e-01
-1.00800e-02 -1.58400e-02  1.517e-01
-9.36000e-03 -1.58400e-02  1.518e-01
-8.64000e-03 -1.58400e-02  1.518e-01
-7.92000e-03 -1.58400e-02  1.518e-01
-7.20000e-03 -1.58400e-02  1.518e-01
-6.48000e-03 -1.58400e-02  1.519e-01
-5.76000e-03 -1.58400e-02  1.519e-01
-5.04000e-03 -1.58400e-02  1.519e-01
-4.32000e-03 -1.58400e-02  1.519e-01
-3.60000e-03 -1.58400e-02  1.519e-01
-2.88000e-03 -1.58400e-02  1.519e-01
-2.16000e-03 -1.58400e-02  1.520e-01
-1.44000e-03 -1.58400e-02  1.520e-01
-7.20000e-04 -1.58400e-02  1.520e-01
 0.00000e+00 -1.58400e-02  1.520e-01
 7.20000e-04 -1.58400e-02  1.520e-01
 1.44000e-03 -1.58400e-02  1.520e-01
 2.16000e-03 -1.58400e-02  1.519e-01
 2.88000e-03 -1.58400e-02  1.519e-01
 3.60000e-03 -1.58400e-02  1.519e-01
 4.32000e-03 -1.58400e-02  1.519e-01
 5.04000e-03 -1.58400e-02  1.519e-01
 5.76000e-03 -1.58400e-02  1.519e-01
 6.48000e-03 -1.58400e-02  1.518e-01
 7.20000e-03 -1.58400e-02  1.518e-01
 7.92000e-03 -1.58400e-02  1.518e-01
 8.64000e-03 -1.58400e-02  1.518e-01
 9.36000e-03 -1.58400e-02  1.517e-01
 1.00800e-02 -1.58400e-02  1.517e-01
 1.08000e-02 -1.58400e-02  1.517e-01
 1.15200e-02 -1.58400e-02  1.516e-01
 1.22400e-02 -1.58400e-02  1.516e-01
 1.29600e-02 -1.58400e-02  1.515e-01
 1.36800e-02 -1.58400e-02  1.515e-01
 1.44000e-02 -1.58400e-02  1.514e-01
 1.51200e-02 -1.58400e-02  1.514e-01
 1.58400e-02 -1.58400e-02  1.513e-01
 1.65600e-02 -1.58400e-02  1.512e-01
 1.72800e-02 -1.58400e-02  1.512e-01
 1.80000e-02 -1.58400e-02  1.511e-01
-1.80000e-02 -1.51200e-02  1.520e-01
-1.72800e-02 -1.51200e-02  1.521e-01
-1.65600e-02 -1.51200e-02  1.521e-01
-1.58400e-02 -1.51200e-02  1.522e-01
-1.51200e-02 -1.51200e-02  1.523e-01
-1.44000e-02 -1.51200e-02  1.523e-01
-1.36800e-02 -1.51200e-02  1.524e-01
-1.29600e-02 -1.51200e-02  1.524e-01
-1.22400e-02 -1.51200e-02  1.525e-01
-1.15200e-02 -1.51200e-02  1.525e-01
-1.08000e-02 -1.51200e-02  1.525e-01
-1.00800e-02 -1.51200e-02  1.526e-01
-9.36000e-03 -1.51200e-02  1.526e-01
-8.64000e-03 -1.51200e-02  1.527e-01
-7.92000e-03 -1.51200e-02  1.527e-01
-7.20000e-03 -1.51200e-02  1.527e-01
-6.48000e-03 -1.51200e-02  1.527e-01
-5.76000e-03 -1.51200e-02  1.528e-01
-5.04000e-03 -1.51200e-02  1.528e-01
-4.32000e-03 -1.51200e-02  1.528e-01
-3.60000e-03 -1.51200e-02  1.528e-01
-2.88000e-03 -1.51200e-02  1.528e-01
-2.16000e-03 -1.51200e-02  1.528e-01
-1.44000e-03 -1.51200e-02  1.528e-01
-7.20000e-04 -1.51200e-02  1.528e-01
 0.00000e+00 -1.51200e-02  1.528e-01
 7.20000e-04 -1.51200e-02  1.528e-01
 1.44000e-03 -1.51200e-02  1.528e-01
 2.16000e-03 -1.51200e-02  1.528e-01
 2.88000e-03 -1.51200e-02  1.528e-01
 3.60000e-03 -1.51200e-02  1.528e-01
 4.32000e-03 -1.51200e-02  1.528e-01
 5.04000e-03 -1.51200e-02  1.527e-01
 5.76000e-03 -1.51200e-02  1.527e-01
 6.48000e-03 -1.51200e-02  1.527e-01
 7.20000e-03 -1.51200e-02  1.527e-01
 7.92000e-03 -1.51200e-02  1.526e-01
 8.64000e-03 -1.51200e-02  1.526e-01
 9.36000e-03 -1.51200e-02  1.526e-01
 1.00800e-02 -1.51200e-02  1.526e-01
 1.08000e-02 -1.51200e-02  1.525e-01
 1.15200e-02 -1.51200e-02  1.525e-01
 1.22400e-02 -1.51200e-02  1.524e-01
 1.29600e-02 -1.51200e-02  1.524e-01
 1.36800e-02 -1.51200e-02  1.523e-01
 1.44000e-02 -1.51200e-02  1.523e-01
 1.51200e-02 -1.51200e-02  1.522e-01
 1.58400e-02 -1.51200e-02  1.522e-01
 1.65600e-02 -1.51200e-02  1.521e-01
 1.72800e-02 -1.51200e-02  1.520e-01
 1.80000e-02 -1.51200e-02  1.519e-01
-1.80000e-02 -1.44000e-02  1.528e-01
-1.72800e-02 -1.44000e-02  1.529e-01
-1.65600e-02 -1.44000e-02  1.530e-01
-1.58400e-02 -1.44000e-02  1.530e-01
-1.51200e-02 -1.44000e-02  1.531e-01
-1.44000e-02 -1.44000e-02  1.531e-01
-1.36800e-02 -1.44000e-02  1.532e-01
-1.29600e-02 -1.44000e-02  1.532e-01
-1.22400e-02 -1.44000e-02  1.533e-01
-1.15200e-02 -1.44000e-02  1.533e-01
-1.08000e-02 -1.44000e-02  1.534e-01
-1.00800e-02 -1.44000e-02  1.534e-01
-9.36000e-03 -1.44000e-02  1.534e-01
-8.64000e-03 -1.44000e-02  1.535e-01
-7.92000e-03 -1.44000e-02  1.535e-01
-7.20000e-03 -1.44000e-02  1.535e-01
-6.48000e-03 -1.44000e-02  1.536e-01
-5.76000e-03 -1.44000e-02  1.536e-01
-5.04000e-03 -1.44000e-02  1.536e-01
-4.32000e-03 -1.44000e-02  1.536e-01
-3.60000e-03 -1.44000e-02  1.536e-01
-2.88000e-03 -1.44000e-02  1.536e-01
-2.16000e-03 -1.44000e-02  1.536e-01
-1.44000e-03 -1.44000e-02  1.536e-01
-7.20000e-04 -1.44000e-02  1.536e-01
 0.00000e+00 -1.44000e-02  1.536e-01
 7.20000e-04 -1.44000e-02  1.536e-01
 1.44000e-03 -1.44000e-02  1.536e-01
 2.16000e-03 -1.44000e-02  1.536e-01
 2.88000e-03 -1.44000e-02  1.536e-01
 3.60000e-03 -1.44000e-02  1.536e-01
 4.32000e-03 -1.44000e-02  1.536e-01
 5.04000e-03 -1.44000e-02  1.536e-01
 5.76000e-03 -1.44000e-02  1.535e-01
 6.48000e-03 -1.44000e-02  1.535e-01
 7.20000e-03 -1.44000e-02  1.535e-01
 7.92000e-03 -1.44000e-02  1.535e-01
 8.64000e-03 -1.44000e-02  1.534e-01
 9.36000e-03 -1.44000e-02  1.534e-01
 1.00800e-02 -1.44000e-02  1.534e-01
 1.08000e-02 -1.44000e-02  1.533e-01
 1.15200e-02 -1.44000e-02  1.533e-01
 1.22400e-02 -1.44000e-02  1.533e-01
 1.29600e-02 -1.44000e-02  1.532e-01
 1.36800e-02 -1.44000e-02  1.532e-01
 1.44000e-02 -1.44000e-02  1.531e-01
 1.51200e-02 -1.44000e-02  1.530e-01
 1.58400e-02 -1.44000e-02  1.530e-01
 1.65600e-02 -1.44000e-02  1.529e-01
 1.72800e-02 -1.44000e-02  1.528e-01
 1.80000e-02 -1.44000e-02  1.528e-01
-1.80000e-02 -1.36800e-02  1.536e-01
-1.72800e-02 -1.36800e-02  1.537e-01
-1.65600e-02 -1.36800e-02  1.537e-01
-1.58400e-02 -1.36800e-02  1.538e-01
-1.51200e-02 -1.36800e-02  1.539e-01
-1.44000e-02 -1.36800e-02  1.539e-01
-1.36800e-02 -1.36800e-02  1.540e-01
-1.29600e-02 -1.36800e-02  1.540e-01
-1.22400e-02 -1.36800e-02  1.541e-01
-1.15200e-02 -1.36800e-02  1.541e-01
-1.08000e-02 -1.36800e-02  1.542e-01
-1.00800e-02 -1.36800e-02  1.542e-01
-9.36000e-03 -1.36800e-02  1.542e-01
-8.64000e-03 -1.36800e-02  1.543e-01
-7.92000e-03 -1.36800e-02  1.543e-01
-7.20000e-03 -1.36800e-02  1.543e-01
-6.48000e-03 -1.36800e-02  1.544e-01
-5.76000e-03 -1.36800e-02  1.544e-01
-5.04000e-03 -1.36800e-02  1.544e-01
-4.32000e-03 -1.36800e-02  1.544e-01
-3.60000e-03 -1.36800e-02  1.544e-01
-2.88000e-03 -1.36800e-02  1.544e-01
-2.16000e-03 -1.36800e-02  1.544e-01
-1.44000e-03 -1.36800e-02  1.544e-01
-7.20000e-04 -1.36800e-02  1.544e-01
 0.00000e+00 -1.36800e-02  1.544e-01
 7.20000e-04 -1.36800e-02  1.544e-01
 1.44000e-03 -1.36800e-02  1.544e-01
 2.16000e-03 -1.36800e-02  1.544e-01
 2.88000e-03 -1.36800e-02  1.544e-01
 3.60000e-03 -1.36800e-02  1.544e-01
 4.32000e-03 -1.36800e-02  1.544e-01
 5.04000e-03 -1.36800e-02  1.544e-01
 5.76000e-03 -1.36800e-02  1.543e-01
 6.48000e-03 -1.36800e-02  1.543e-01
 7.20000e-03 -1.36800e-02  1.543e-01
 7.92000e-03 -1.36800e-02  1.543e-01
 8.64000e-03 -1.36800e-02  1.542e-01
 9.36000e-03 -1.36800e-02  1.542e-01
 1.00800e-02 -1.36800e-02  1.542e-01
 1.08000e-02 -1.36800e-02  1.541e-01
 1.15200e-02 -1.36800e-02  1.541e-01
 1.22400e-02 -1.36800e-02  1.541e-01
 1.29600e-02 -1.36800e-02  1.540e-01
 1.36800e-02 -1.36800e-02  1.540e-01
 1.44000e-02 -1.36800e-02  1.539e-01
 1.51200e-02 -1.36800e-02  1.538e-01
 1.58400e-02 -1.36800e-02  1.538e-01
 1.65600e-02 -1.36800e-02  1.537e-01
 1.72800e-02 -1.36800e-02  1.536e-01
 1.80000e-02 -1.36800e-02  1.536e-01
-1.80000e-02 -1.29600e-02  1.543e-01
-1.72800e-02 -1.29600e-02  1.544e-01
-1.65600e-02 -1.29600e-02  1.545e-01
-1.58400e-02 -1.29600e-02  1.546e-01
-1.51200e-02 -1.29600e-02  1.546e-01
-1.44000e-02 -1.29600e-02  1.547e-01
-1.36800e-02 -1.29600e-02  1.547e-01
-1.29600e-02 -1.29600e-02  1.548e-01
-1.22400e-02 -1.29600e-02  1.548e-01
-1.15200e-02 -1.29600e-02  1.549e-01
-1.08000e-02 -1.29600e-02  1.549e-01
-1.00800e-02 -1.29600e-02  1.550e-01
-9.36000e-03 -1.29600e-02  1.550e-01
-8.64000e-03 -1.29600e-02  1.550e-01
-7.92000e-03 -1.29600e-02  1.551e-01
-7.20000e-03 -1.29600e-02  1.551e-01
-6.48000e-03 -1.29600e-02  1.551e-01
-5.76000e-03 -1.29600e-02  1.551e-01
-5.04000e-03 -1.29600e-02  1.552e-01
-4.32000e-03 -1.29600e-02  1.552e-01
-3.60000e-03 -1.29600e-02  1.552e-01
-2.88000e-03 -1.29600e-02  1.552e-01
-2.16000e-03 -1.29600e-02  1.552e-01
-1.44000e-03 -1.29600e-02  1.552e-01
-7.20000e-04 -1.29600e-02  1.552e-01
 0.00000e+00 -1.29600e-02  1.552e-01
 7.20000e-04 -1.29600e-02  1.552e-01
 1.44000e-03 -1.29600e-02  1.552e-01
 2.16000e-03 -1.29600e-02  1.552e-01
 2.88000e-03 -1.29600e-02  1.552e-01
 3.60000e-03 -1.29600e-02  1.552e-01
 4.32000e-03 -1.29600e-02  1.551e-01
 5.04000e-03 -1.29600e-02  1.551e-01
 5.76000e-03 -1.29600e-02  1.551e-01
 6.48000e-03 -1.29600e-02  1.551e-01
 7.20000e-03 -1.29600e-02  1.551e-01
 7.92000e-03 -1.29600e-02  1.550e-01
 8.64000e-03 -1.29600e-02  1.550e-01
 9.36000e-03 -1.29600e-02  1.550e-01
 1.00800e-02 -1.29600e-02  1.549e-01
 1.08000e-02 -1.29600e-02  1.549e-01
 1.15200e-02 -1.29600e-02  1.549e-01
 1.22400e-02 -1.29600e-02  1.548e-01
 1.29600e-02 -1.29600e-02  1.548e-01
 1.36800e-02 -1.29600e-02  1.547e-01
 1.44000e-02 -1.29600e-02  1.547e-01
 1.51200e-02 -1.29600e-02  1.546e-01
 1.58400e-02 -1.29600e-02  1.545e-01
 1.65600e-02 -1.29600e-02  1.545e-01
 1.72800e-02 -1.29600e-02  1.544e-01
 1.80000e-02 -1.29600e-02  1.543e-01
-1.80000e-02 -1.22400e-02  1.551e-01
-1.72800e-02 -1.22400e-02  1.551e-01
-1.65600e-02 -1.22400e-02  1.552e-01
-1.58400e-02 -1.22400e-02  1.553e-01
-1.51200e-02 -1.22400e-02  1.553e-01
-1.44000e-02 -1.22400e-02  1.554e-01
-1.36800e-02 -1.22400e-02  1.555e-01
-1.29600e-02 -1.22400e-02  1.555e-01
-1.22400e-02 -1.22400e-02  1.556e-01
-1.15200e-02 -1.22400e-02  1.556e-01
-1.08000e-02 -1.22400e-02  1.556e-01
-1.00800e-02 -1.22400e-02  1.557e-01
-9.36000e-03 -1.22400e-02  1.557e-01
-8.64000e-03 -1.22400e-02  1.557e-01
-7.92000e-03 -1.22400e-02  1.558e-01
-7.20000e-03 -1.22400e-02  1.558e-01
-6.48000e-03 -1.22400e-02  1.558e-01
-5.76000e-03 -1.22400e-02  1.559e-01
-5.04000e-03 -1.22400e-02  1.559e-01
-4.32000e-03 -1.22400e-02  1.559e-01
-3.60000e-03 -1.22400e-02  1.559e-01
-2.88000e-03 -1.22400e-02  1.559e-01
-2.16000e-03 -1.22400e-02  1.559e-01
-1.44000e-03 -1.22400e-02  1.559e-01
-7.20000e-04 -1.22400e-02  1.559e-01
 0.00000e+00 -1.22400e-02  1.559e-01
 7.20000e-04 -1.22400e-02  1.559e-01
 1.44000e-03 -1.22400e-02  1.559e-01
 2.16000e-03 -1.22400e-02  1.559e-01
 2.88000e-03 -1.22400e-02  1.559e-01
 3.60000e-03 -1.22400e-02  1.559e-01
 4.32000e-03 -1.22400e-02  1.559e-01
 5.04000e-03 -1.22400e-02  1.558e-01
 5.76000e-03 -1.22400e-02  1.558e-01
 6.48000e-03 -1.22400e-02  1.558e-01
 7.20000e-03 -1.22400e-02  1.558e-01
 7.92000e-03 -1.22400e-02  1.557e-01
 8.64000e-03 -1.22400e-02  1.557e-01
 9.36000e-03 -1.22400e-02  1.557e-01
 1.00800e-02 -1.22400e-02  1.556e-01
 1.08000e-02 -1.22400e-02  1.556e-01
 1.15200e-02 -1.22400e-02  1.556e-01
 1.22400e-02 -1.22400e-02  1.555e-01
 1.29600e-02 -1.22400e-02  1.555e-01
 1.36800e-02 -1.22400e-02  1.554e-01
 1.44000e-02 -1.22400e-02  1.554e-01
 1.51200e-02 -1.22400e-02  1.553e-01
 1.58400e-02 -1.22400e-02  1.553e-01
 1.65600e-02 -1.22400e-02  1.552e-01
 1.72800e-02 -1.22400e-02  1.551e-01
 1.80000e-02 -1.22400e-02  1.550e-01
-1.80000e-02 -1.15200e-02  1.557e-01
-1.72800e-02 -1.15200e-02  1.558e-01
-1.65600e-02 -1.15200e-02  1.559e-01
-1.58400e-02 -1.15200e-02  1.560e-01
-1.51200e-02 -1.15200e-02  1.560e-01
-1.44000e-02 -1.15200e-02  1.561e-01
-1.36800e-02 -1.15200e-02  1.561e-01
-1.29600e-02 -1.15200e-02  1.562e-01
-1.22400e-02 -1.15200e-02  1.562e-01
-1.15200e-02 -1.15200e-02  1.563e-01
-1.08000e-02 -1.15200e-02  1.563e-01
-1.00800e-02 -1.15200e-02  1.564e-01
-9.36000e-03 -1.15200e-02  1.564e-01
-8.64000e-03 -1.15200e-02  1.564e-01
-7.92000e-03 -1.15200e-02  1.565e-01
-7.20000e-03 -1.15200e-02  1.565e-01
-6.48000e-03 -1.15200e-02  1.565e-01
-5.76000e-03 -1.15200e-02  1.565e-01
-5.04000e-03 -1.15200e-02  1.566e-01
-4.32000e-03 -1.15200e-02  1.566e-01
-3.60000e-03 -1.15200e-02  1.566e-01
-2.88000e-03 -1.15200e-02  1.566e-01
-2.16000e-03 -1.15200e-02  1.566e-01
-1.44000e-03 -1.15200e-02  1.566e-01
-7.20000e-04 -1.15200e-02  1.566e-01
 0.00000e+00 -1.15200e-02  1.566e-01
 7.20000e-04 -1.15200e-02  1.566e-01
 1.44000e-03 -1.15200e-02  1.566e-01
 2.16000e-03 -1.15200e-02  1.566e-01
 2.88000e-03 -1.15200e-02  1.566e-01
 3.60000e-03 -1.15200e-02  1.566e-01
 4.32000e-03 -1.15200e-02  1.565e-01
 5.04000e-03 -1.15200e-02  1.565e-01
 5.76000e-03 -1.15200e-02  1.565e-01
 6.48000e-03 -1.15200e-02  1.565e-01
 7.20000e-03 -1.15200e-02  1.565e-01
 7.92000e-03 -1.15200e-02  1.564e-01
 8.64000e-03 -1.15200e-02  1.564e-01
 9.36000e-03 -1.15200e-02  1.564e-01
 1.00800e-02 -1.15200e-02  1.563e-01
 1.08000e-02 -1.15200e-02  1.563e-01
 1.15200e-02 -1.15200e-02  1.563e-01
 1.22400e-02 -1.15200e-02  1.562e-01
 1.29600e-02 -1.15200e-02  1.562e-01
 1.36800e-02 -1.15200e-02  1.561e-01
 1.44000e-02 -1.15200e-02  1.561e-01
 1.51200e-02 -1.15200e-02  1.560e-01
 1.58400e-02 -1.15200e-02  1.559e-01
 1.65600e-02 -1.15200e-02  1.559e-01
 1.72800e-02 -1.15200e-02  1.558e-01
 1.80000e-02 -1.15200e-02  1.557e-01
-1.80000e-02 -1.08000e-02  1.564e-01
-1.72800e-02 -1.08000e-02  1.565e-01
-1.65600e-02 -1.08000e-02  1.565e-01
-1.58400e-02 -1.08000e-02  1.566e-01
-1.51200e-02 -1.08000e-02  1.567e-01
-1.44000e-02 -1.08000e-02  1.567e-01
-1.36800e-02 -1.08000e-02  1.568e-01
-1.29600e-02 -1.08000e-02  1.568e-01
-1.22400e-02 -1.08000e-02  1.569e-01
-1.15200e-02 -1.08000e-02  1.569e-01
-1.08000e-02 -1.08000e-02  1.570e-01
-1.00800e-02 -1.08000e-02  1.570e-01
-9.36000e-03 -1.08000e-02  1.570e-01
-8.64000e-03 -1.08000e-02  1.571e-01
-7.92000e-03 -1.08000e-02  1.571e-01
-7.20000e-03 -1.08000e-02  1.571e-01
-6.48000e-03 -1.08000e-02  1.572e-01
-5.76000e-03 -1.08000e-02  1.572e-01
-5.04000e-03 -1.08000e-02  1.572e-01
-4.32000e-03 -1.08000e-02  1.572e-01
-3.60000e-03 -1.08000e-02  1.572e-01
-2.88000e-03 -1.08000e-02  1.572e-01
-2.16000e-03 -1.08000e-02  1.572e-01
-1.44000e-03 -1.08000e-02  1.572e-01
-7.20000e-04 -1.08000e-02  1.572e-01
 0.00000e+00 -1.08000e-02  1.572e-01
 7.20000e-04 -1.08000e-02  1.572e-01
 1.44000e-03 -1.08000e-02  1.572e-01
 2.16000e-03 -1.08000e-02  1.572e-01
 2.88000e-03 -1.08000e-02  1.572e-01
 3.60000e-03 -1.08000e-02  1.572e-01
 4.32000e-03 -1.08000e-02  1.572e-01
 5.04000e-03 -1.08000e-02  1.572e-01
 5.76000e-03 -1.08000e-02  1.571e-01
 6.48000e-03 -1.08000e-02  1.571e-01
 7.20000e-03 -1.08000e-02  1.571e-01
 7.92000e-03 -1.08000e-02  1.571e-01
 8.64000e-03 -1.08000e-02  1.570e-01
 9.36000e-03 -1.08000e-02  1.570e-01
 1.00800e-02 -1.08000e-02  1.570e-01
 1.08000e-02 -1.08000e-02  1.569e-01
 1.15200e-02 -1.08000e-02  1.569e-01
 1.22400e-02 -1.08000e-02  1.569e-01
 1.29600e-02 -1.08000e-02  1.568e-01
 1.36800e-02 -1.08000e-02  1.568e-01
 1.44000e-02 -1.08000e-02  1.567e-01
 1.51200e-02 -1.08000e-02  1.566e-01
 1.58400e-02 -1.08000e-02  1.566e-01
 1.65600e-02 -1.08000e-02  1.565e-01
 1.72800e-02 -1.08000e-02  1.564e-01
 1.80000e-02 -1.08000e-02  1.563e-01
-1.80000e-02 -1.00800e-02  1.570e-01
-1.72800e-02 -1.00800e-02  1.571e-01
-1.65600e-02 -1.00800e-02  1.571e-01
-1.58400e-02 -1.00800e-02  1.572e-01
-1.51200e-02 -1.00800e-02  1.573e-01
-1.44000e-02 -1.00800e-02  1.573e-01
-1.36800e-02 -1.00800e-02  1.574e-01
-1.29600e-02 -1.00800e-02  1.574e-01
-1.22400e-02 -1.00800e-02  1.575e-01
-1.15200e-02 -1.00800e-02  1.575e-01
-1.08000e-02 -1.00800e-02  1.576e-01
-1.00800e-02 -1.00800e-02  1.576e-01
-9.36000e-03 -1.00800e-02  1.576e-01
-8.64000e-03 -1.00800e-02  1.577e-01
-7.92000e-03 -1.00800e-02  1.577e-01
-7.20000e-03 -1.00800e-02  1.577e-01
-6.48000e-03 -1.00800e-02  1.578e-01
-5.76000e-03 -1.00800e-02  1.578e-01
-5.04000e-03 -1.00800e-02  1.578e-01
-4.32000e-03 -1.00800e-02  1.578e-01
-3.60000e-03 -1.00800e-02  1.578e-01
-2.88000e-03 -1.00800e-02  1.578e-01
-2.16000e-03 -1.00800e-02  1.578e-01
-1.44000e-03 -1.00800e-02  1.578e-01
-7.20000e-04 -1.00800e-02  1.578e-01
 0.00000e+00 -1.00800e-02  1.578e-01
 7.20000e-04 -1.00800e-02  1.578e-01
 1.44000e-03 -1.00800e-02  1.578e-01
 2.16000e-03 -1.00800e-02  1.578e-01
 2.88000e-03 -1.00800e-02  1.578e-01
 3.60000e-03 -1.00800e-02  1.578e-01
 4.32000e-03 -1.00800e-02  1.578e-01
 5.04000e-03 -1.00800e-02  1.578e-01
 5.76000e-03 -1.00800e-02  1.578e-01
 6.48000e-03 -1.00800e-02  1.577e-01
 7.20000e-03 -1.00800e-02  1.577e-01
 7.92000e-03 -1.00800e-02  1.577e-01
 8.64000e-03 -1.00800e-02  1.576e-01
 9.36000e-03 -1.00800e-02  1.576e-01
 1.00800e-02 -1.00800e-02  1.576e-01
 1.08000e-02 -1.00800e-02  1.575e-01
 1.15200e-02 -1.00800e-02  1.575e-01
 1.22400e-02 -1.00800e-02  1.575e-01
 1.29600e-02 -1.00800e-02  1.574e-01
 1.36800e-02 -1.00800e-02  1.574e-01
 1.44000e-02 -1.00800e-02  1.573e-01
 1.51200e-02 -1.00800e-02  1.572e-01
 1.58400e-02 -1.00800e-02  1.572e-01
 1.65600e-02 -1.00800e-02  1.571e-01
 1.72800e-02 -1.00800e-02  1.570e-01
 1.80000e-02 -1.00800e-02  1.570e-01
-1.80000e-02 -9.36000e-03  1.576e-01
-1.72800e-02 -9.36000e-03  1.576e-01
-1.65600e-02 -9.36000e-03  1.577e-01
-1.58400e-02 -9.36000e-03  1.578e-01
-1.51200e-02 -9.36000e-03  1.578e-01
-1.44000e-02 -9.36000e-03  1.579e-01
-1.36800e-02 -9.36000e-03  1.580e-01
-1.29600e-02 -9.36000e-03  1.580e-01
-1.22400e-02 -9.36000e-03  1.580e-01
-1.15200e-02 -9.36000e-03  1.581e-01
-1.08000e-02 -9.36000e-03  1.581e-01
-1.00800e-02 -9.36000e-03  1.582e-01
-9.36000e-03 -9.36000e-03  1.582e-01
-8.64000e-03 -9.36000e-03  1.582e-01
-7.92000e-03 -9.36000e-03  1.583e-01
-7.20000e-03 -9.36000e-03  1.583e-01
-6.48000e-03 -9.36000e-03  1.583e-01
-5.76000e-03 -9.36000e-03  1.584e-01
-5.04000e-03 -9.36000e-03  1.584e-01
-4.32000e-03 -9.36000e-03  1.584e-01
-3.60000e-03 -9.36000e-03  1.584e-01
-2.88000e-03 -9.36000e-03  1.584e-01
-2.16000e-03 -9.36000e-03  1.584e-01
-1.44000e-03 -9.36000e-03  1.584e-01
-7.20000e-04 -9.36000e-03  1.584e-01
 0.00000e+00 -9.36000e-03  1.584e-01
 7.20000e-04 -9.36000e-03  1.584e-01
 1.44000e-03 -9.36000e-03  1.584e-01
 2.16000e-03 -9.36000e-03  1.584e-01
 2.88000e-03 -9.36000e-03  1.584e-01
 3.60000e-03 -9.36000e-03  1.584e-01
 4.32000e-03 -9.36000e-03  1.584e-01
 5.04000e-03 -9.36000e-03  1.583e-01
 5.76000e-03 -9.36000e-03  1.583e-01
 6.48000e-03 -9.36000e-03  1.583e-01
 7.20000e-03 -9.36000e-03  1.583e-01
 7.92000e-03 -9.36000e-03  1.582e-01
 8.64000e-03 -9.36000e-03  1.582e-01
 9.36000e-03 -9.36000e-03  1.582e-01
 1.00800e-02 -9.36000e-03  1.581e-01
 1.08000e-02 -9.36000e-03  1.581e-01
 1.15200e-02 -9.36000e-03  1.581e-01
 1.22400e-02 -9.36000e-03  1.580e-01
 1.29600e-02 -9.36000e-03  1.580e-01
 1.36800e-02 -9.36000e-03  1.579e-01
 1.44000e-02 -9.36000e-03  1.579e-01
 1.51200e-02 -9.36000e-03  1.578e-01
 1.58400e-02 -9.36000e-03  1.577e-01
 1.65600e-02 -9.36000e-03  1.577e-01
 1.72800e-02 -9.36000e-03  1.576e-01
 1.80000e-02 -9.36000e-03  1.575e-01
-1.80000e-02 -8.64000e-03  1.581e-01
-1.72800e-02 -8.64000e-03  1.582e-01
-1.65600e-02 -8.64000e-03  1.582e-01
-1.58400e-02 -8.64000e-03  1.583e-01
-1.51200e-02 -8.64000e-03  1.584e-01
-1.44000e-02 -8.64000e-03  1.584e-01
-1.36800e-02 -8.64000e-03  1.585e-01
-1.29600e-02 -8.64000e-03  1.585e-01
-1.22400e-02 -8.64000e-03  1.586e-01
-1.15200e-02 -8.64000e-03  1.586e-01
-1.08000e-02 -8.64000e-03  1.587e-01
-1.00800e-02 -8.64000e-03  1.587e-01
-9.36000e-03 -8.64000e-03  1.587e-01
-8.64000e-03 -8.64000e-03  1.588e-01
-7.92000e-03 -8.64000e-03  1.588e-01
-7.20000e-03 -8.64000e-03  1.588e-01
-6.48000e-03 -8.64000e-03  1.589e-01
-5.76000e-03 -8.64000e-03  1.589e-01
-5.04000e-03 -8.64000e-03  1.589e-01
-4.32000e-03 -8.64000e-03  1.589e-01
-3.60000e-03 -8.64000e-03  1.589e-01
-2.88000e-03 -8.64000e-03  1.589e-01
-2.16000e-03 -8.64000e-03  1.589e-01
-1.44000e-03 -8.64000e-03  1.589e-01
-7.20000e-04 -8.64000e-03  1.589e-01
 0.00000e+00 -8.64000e-03  1.589e-01
 7.20000e-04 -8.64000e-03  1.589e-01
 1.44000e-03 -8.64000e-03  1.589e-01
 2.16000e-03 -8.64000e-03  1.589e-01
 2.88000e-03 -8.64000e-03  1.589e-01
 3.60000e-03 -8.64000e-03  1.589e-01
 4.32000e-03 -8.64000e-03  1.589e-01
 5.04000e-03 -8.64000e-03  1.589e-01
 5.76000e-03 -8.64000e-03  1.588e-01
 6.48000e-03 -8.64000e-03  1.588e-01
 7.20000e-03 -8.64000e-03  1.588e-01
 7.92000e-03 -8.64000e-03  1.588e-01
 8.64000e-03 -8.64000e-03  1.587e-01
 9.36000e-03 -8.64000e-03  1.587e-01
 1.00800e-02 -8.64000e-03  1.587e-01
 1.08000e-02 -8.64000e-03  1.586e-01
 1.15200e-02 -8.64000e-03  1.586e-01
 1.22400e-02 -8.64000e-03  1.585e-01
 1.29600e-02 -8.64000e-03  1.585e-01
 1.36800e-02 -8.64000e-03  1.584e-01
 1.44000e-02 -8.64000e-03  1.584e-01
 1.51200e-02 -8.64000e-03  1.583e-01
 1.58400e-02 -8.64000e-03  1.583e-01
 1.65600e-02 -8.64000e-03  1.582e-01
 1.72800e-02 -8.64000e-03  1.581e-01
 1.80000e-02 -8.64000e-03  1.580e-01
-1.80000e-02 -7.92000e-03  1.586e-01
-1.72800e-02 -7.92000e-03  1.586e-01
-1.65600e-02 -7.92000e-03  1.587e-01
-1.58400e-02 -7.92000e-03  1.588e-01
-1.51200e-02 -7.92000e-03  1.589e-01
-1.44000e-02 -7.92000e-03  1.589e-01
-1.36800e-02 -7.92000e-03  1.590e-01
-1.29600e-02 -7.92000e-03  1.590e-01
-1.22400e-02 -7.92000e-03  1.591e-01
-1.15200e-02 -7.92000e-03  1.591e-01
-1.08000e-02 -7.92000e-03  1.591e-01
-1.00800e-02 -7.92000e-03  1.592e-01
-9.36000e-03 -7.92000e-03  1.592e-01
-8.64000e-03 -7.92000e-03  1.593e-01
-7.92000e-03 -7.92000e-03  1.593e-01
-7.20000e-03 -7.92000e-03  1.593e-01
-6.48000e-03 -7.92000e-03  1.593e-01
-5.76000e-03 -7.92000e-03  1.594e-01
-5.04000e-03 -7.92000e-03  1.594e-01
-4.32000e-03 -7.92000e-03  1.594e-01
-3.60000e-03 -7.92000e-03  1.594e-01
-2.88000e-03 -7.92000e-03  1.594e-01
-2.16000e-03 -7.92000e-03  1.594e-01
-1.44000e-03 -7.92000e-03  1.594e-01
-7.20000e-04 -7.92000e-03  1.594e-01
 0.00000e+00 -7.92000e-03  1.594e-01
 7.20000e-04 -7.92000e-03  1.594e-01
 1.44000e-03 -7.92000e-03  1.594e-01
 2.16000e-03 -7.92000e-03  1.594e-01
 2.88000e-03 -7.92000e-03  1.594e-01
 3.60000e-03 -7.92000e-03  1.594e-01
 4.32000e-03 -7.92000e-03  1.594e-01
 5.04000e-03 -7.92000e-03  1.593e-01
 5.76000e-03 -7.92000e-03  1.593e-01
 6.48000e-03 -7.92000e-03  1.593e-01
 7.20000e-03 -7.92000e-03  1.593e-01
 7.92000e-03 -7.92000e-03  1.593e-01
 8.64000e-03 -7.92000e-03  1.592e-01
 9.36000e-03 -7.92000e-03  1.592e-01
 1.00800e-02 -7.92000e-03  1.592e-01
 1.08000e-02 -7.92000e-03  1.591e-01
 1.15200e-02 -7.92000e-03  1.591e-01
 1.22400e-02 -7.92000e-03  1.590e-01
 1.29600e-02 -7.92000e-03  1.590e-01
 1.36800e-02 -7.92000e-03  1.589e-01
 1.44000e-02 -7.92000e-03  1.589e-01
 1.51200e-02 -7.92000e-03  1.588e-01
 1.58400e-02 -7.92000e-03  1.588e-01
 1.65600e-02 -7.92000e-03  1.587e-01
 1.72800e-02 -7.92000e-03  1.586e-01
 1.80000e-02 -7.92000e-03  1.585e-01
-1.80000e-02 -7.20000e-03  1.590e-01
-1.72800e-02 -7.20000e-03  1.591e-01
-1.65600e-02 -7.20000e-03  1.592e-01
-1.58400e-02 -7.20000e-03  1.592e-01
-1.51200e-02 -7.20000e-03  1.593e-01
-1.44000e-02 -7.20000e-03  1.594e-01
-1.36800e-02 -7.20000e-03  1.594e-01
-1.29600e-02 -7.20000e-03  1.595e-01
-1.22400e-02 -7.20000e-03  1.595e-01
-1.15200e-02 -7.20000e-03  1.595e-01
-1.08000e-02 -7.20000e-03  1.596e-01
-1.00800e-02 -7.20000e-03  1.596e-01
-9.36000e-03 -7.20000e-03  1.597e-01
-8.64000e-03 -7.20000e-03  1.597e-01
-7.92000e-03 -7.20000e-03  1.597e-01
-7.20000e-03 -7.20000e-03  1.598e-01
-6.48000e-03 -7.20000e-03  1.598e-01
-5.76000e-03 -7.20000e-03  1.598e-01
-5.04000e-03 -7.20000e-03  1.598e-01
-4.32000e-03 -7.20000e-03  1.598e-01
-3.60000e-03 -7.20000e-03  1.599e-01
-2.88000e-03 -7.20000e-03  1.599e-01
-2.16000e-03 -7.20000e-03  1.599e-01
-1.44000e-03 -7.20000e-03  1.599e-01
-7.20000e-04 -7.20000e-03  1.599e-01
 0.00000e+00 -7.20000e-03  1.599e-01
 7.20000e-04 -7.20000e-03  1.599e-01
 1.44000e-03 -7.20000e-03  1.598e-01
 2.16000e-03 -7.20000e-03  1.598e-01
 2.88000e-03 -7.20000e-03  1.598e-01
 3.60000e-03 -7.20000e-03  1.598e-01
 4.32000e-03 -7.20000e-03  1.598e-01
 5.04000e-03 -7.20000e-03  1.598e-01
 5.76000e-03 -7.20000e-03  1.598e-01
 6.48000e-03 -7.20000e-03  1.598e-01
 7.20000e-03 -7.20000e-03  1.597e-01
 7.92000e-03 -7.20000e-03  1.597e-01
 8.64000e-03 -7.20000e-03  1.597e-01
 9.36000e-03 -7.20000e-03  1.596e-01
 1.00800e-02 -7.20000e-03  1.596e-01
 1.08000e-02 -7.20000e-03  1.596e-01
 1.15200e-02 -7.20000e-03  1.595e-01
 1.22400e-02 -7.20000e-03  1.595e-01
 1.29600e-02 -7.20000e-03  1.594e-01
 1.36800e-02 -7.20000e-03  1.594e-01
 1.44000e-02 -7.20000e-03  1.593e-01
 1.51200e-02 -7.20000e-03  1.593e-01
 1.58400e-02 -7.20000e-03  1.592e-01
 1.65600e-02 -7.20000e-03  1.591e-01
 1.72800e-02 -7.20000e-03  1.591e-01
 1.80000e-02 -7.20000e-03  1.590e-01
-1.80000e-02 -6.48000e-03  1.594e-01
-1.72800e-02 -6.48000e-03  1.595e-01
-1.65600e-02 -6.48000e-03  1.596e-01
-1.58400e-02 -6.48000e-03  1.596e-01
-1.51200e-02 -6.48000e-03  1.597e-01
-1.44000e-02 -6.48000e-03  1.598e-01
-1.36800e-02 -6.48000e-03  1.598e-01
-1.29600e-02 -6.48000e-03  1.599e-01
-1.22400e-02 -6.48000e-03  1.599e-01
-1.15200e-02 -6.48000e-03  1.600e-01
-1.08000e-02 -6.48000e-03  1.600e-01
-1.00800e-02 -6.48000e-03  1.600e-01
-9.36000e-03 -6.48000e-03  1.601e-01
-8.64000e-03 -6.48000e-03  1.601e-01
-7.92000e-03 -6.48000e-03  1.601e-01
-7.20000e-03 -6.48000e-03  1.602e-01
-6.48000e-03 -6.48000e-03  1.602e-01
-5.76000e-03 -6.48000e-03  1.602e-01
-5.04000e-03 -6.48000e-03  1.602e-01
-4.32000e-03 -6.48000e-03  1.602e-01
-3.60000e-03 -6.48000e-03  1.603e-01
-2.88000e-03 -6.48000e-03  1.603e-01
-2.16000e-03 -6.48000e-03  1.603e-01
-1.44000e-03 -6.48000e-03  1.603e-01
-7.20000e-04 -6.48000e-03  1.603e-01
 0.00000e+00 -6.48000e-03  1.603e-01
 7.20000e-04 -6.48000e-03  1.603e-01
 1.44000e-03 -6.48000e-03  1.603e-01
 2.16000e-03 -6.48000e-03  1.602e-01
 2.88000e-03 -6.48000e-03  1.602e-01
 3.60000e-03 -6.48000e-03  1.602e-01
 4.32000e-03 -6.48000e-03  1.602e-01
 5.04000e-03 -6.48000e-03  1.602e-01
 5.76000e-03 -6.48000e-03  1.602e-01
 6.48000e-03 -6.48000e-03  1.602e-01
 7.20000e-03 -6.48000e-03  1.601e-01
 7.92000e-03 -6.48000e-03  1.601e-01
 8.64000e-03 -6.48000e-03  1.601e-01
 9.36000e-03 -6.48000e-03  1.600e-01
 1.00800e-02 -6.48000e-03  1.600e-01
 1.08000e-02 -6.48000e-03  1.600e-01
 1.15200e-02 -6.48000e-03  1.599e-01
 1.22400e-02 -6.48000e-03  1.599e-01
 1.29600e-02 -6.48000e-03  1.598e-01
 1.36800e-02 -6.48000e-03  1.598e-01
 1.44000e-02 -6.48000e-03  1.597e-01
 1.51200e-02 -6.48000e-03  1.597e-01
 1.58400e-02 -6.48000e-03  1.596e-01
 1.65600e-02 -6.48000e-03  1.595e-01
 1.72800e-02 -6.48000e-03  1.595e-01
 1.80000e-02 -6.48000e-03  1.594e-01
-1.80000e-02 -5.76000e-03  1.598e-01
-1.72800e-02 -5.76000e-03  1.599e-01
-1.65600e-02 -5.76000e-03  1.599e-01
-1.58400e-02 -5.76000e-03  1.600e-01
-1.51200e-02 -5.76000e-03  1.601e-01
-1.44000e-02 -5.76000e-03  1.601e-01
-1.36800e-02 -5.76000e-03  1.602e-01
-1.29600e-02 -5.76000e-03  1.602e-01
-1.22400e-02 -5.76000e-03  1.603e-01
-1.15200e-02 -5.76000e-03  1.603e-01
-1.08000e-02 -5.76000e-03  1.604e-01
-1.00800e-02 -5.76000e-03  1.604e-01
-9.36000e-03 -5.76000e-03  1.604e-01
-8.64000e-03 -5.76000e-03  1.605e-01
-7.92000e-03 -5.76000e-03  1.605e-01
-7.20000e-03 -5.76000e-03  1.605e-01
-6.48000e-03 -5.76000e-03  1.606e-01
-5.76000e-03 -5.76000e-03  1.606e-01
-5.04000e-03 -5.76000e-03  1.606e-01
-4.32000e-03 -5.76000e-03  1.606e-01
-3.60000e-03 -5.76000e-03  1.606e-01
-2.88000e-03 -5.76000e-03  1.606e-01
-2.16000e-03 -5.76000e-03  1.606e-01
-1.44000e-03 -5.76000e-03  1.606e-01
-7.20000e-04 -5.76000e-03  1.606e-01
 0.00000e+00 -5.76000e-03  1.606e-01
 7.20000e-04 -5.76000e-03  1.606e-01
 1.44000e-03 -5.76000e-03  1.606e-01
 2.16000e-03 -5.76000e-03  1.606e-01
 2.88000e-03 -5.76000e-03  1.606e-01
 3.60000e-03 -5.76000e-03  1.606e-01
 4.32000e-03 -5.76000e-03  1.606e-01
 5.04000e-03 -5.76000e-03  1.606e-01
 5.76000e-03 -5.76000e-03  1.605e-01
 6.48000e-03 -5.76000e-03  1.605e-01
 7.20000e-03 -5.76000e-03  1.605e-01
 7.92000e-03 -5.76000e-03  1.605e-01
 8.64000e-03 -5.76000e-03  1.604e-01
 9.36000e-03 -5.76000e-03  1.604e-01
 1.00800e-02 -5.76000e-03  1.604e-01
 1.08000e-02 -5.76000e-03  1.603e-01
 1.15200e-02 -5.76000e-03  1.603e-01
 1.22400e-02 -5.76000e-03  1.602e-01
 1.29600e-02 -5.76000e-03  1.602e-01
 1.36800e-02 -5.76000e-03  1.601e-01
 1.44000e-02 -5.76000e-03  1.601e-01
 1.51200e-02 -5.76000e-03  1.600e-01
 1.58400e-02 -5.76000e-03  1.600e-01
 1.65600e-02 -5.76000e-03  1.599e-01
 1.72800e-02 -5.76000e-03  1.598e-01
 1.80000e-02 -5.76000e-03  1.597e-01
-1.80000e-02 -5.04000e-03  1.601e-01
-1.72800e-02 -5.04000e-03  1.602e-01
-1.65600e-02 -5.04000e-03  1.603e-01
-1.58400e-02 -5.04000e-03  1.603e-01
-1.51200e-02 -5.04000e-03  1.604e-01
-1.44000e-02 -5.04000e-03  1.604e-01
-1.36800e-02 -5.04000e-03  1.605e-01
-1.29600e-02 -5.04000e-03  1.605e-01
-1.22400e-02 -5.04000e-03  1.606e-01
-1.15200e-02 -5.04000e-03  1.606e-01
-1.08000e-02 -5.04000e-03  1.607e-01
-1.00800e-02 -5.04000e-03  1.607e-01
-9.36000e-03 -5.04000e-03  1.608e-01
-8.64000e-03 -5.04000e-03  1.608e-01
-7.92000e-03 -5.04000e-03  1.608e-01
-7.20000e-03 -5.04000e-03  1.609e-01
-6.48000e-03 -5.04000e-03  1.609e-01
-5.76000e-03 -5.04000e-03  1.609e-01
-5.04000e-03 -5.04000e-03  1.609e-01
-4.32000e-03 -5.04000e-03  1.609e-01
-3.60000e-03 -5.04000e-03  1.609e-01
-2.88000e-03 -5.04000e-03  1.609e-01
-2.16000e-03 -5.04000e-03  1.610e-01
-1.44000e-03 -5.04000e-03  1.610e-01
-7.20000e-04 -5.04000e-03  1.610e-01
 0.00000e+00 -5.04000e-03  1.609e-01
 7.20000e-04 -5.04000e-03  1.609e-01
 1.44000e-03 -5.04000e-03  1.609e-01
 2.16000e-03 -5.04000e-03  1.609e-01
 2.88000e-03 -5.04000e-03  1.609e-01
 3.60000e-03 -5.04000e-03  1.609e-01
 4.32000e-03 -5.04000e-03  1.609e-01
 5.04000e-03 -5.04000e-03  1.609e-01
 5.76000e-03 -5.04000e-03  1.609e-01
 6.48000e-03 -5.04000e-03  1.609e-01
 7.20000e-03 -5.04000e-03  1.608e-01
 7.92000e-03 -5.04000e-03  1.608e-01
 8.64000e-03 -5.04000e-03  1.608e-01
 9.36000e-03 -5.04000e-03  1.607e-01
 1.00800e-02 -5.04000e-03  1.607e-01
 1.08000e-02 -5.04000e-03  1.606e-01
 1.15200e-02 -5.04000e-03  1.606e-01
 1.22400e-02 -5.04000e-03  1.606e-01
 1.29600e-02 -5.04000e-03  1.605e-01
 1.36800e-02 -5.04000e-03  1.605e-01
 1.44000e-02 -5.04000e-03  1.604e-01
 1.51200e-02 -5.04000e-03  1.603e-01
 1.58400e-02 -5.04000e-03  1.603e-01
 1.65600e-02 -5.04000e-03  1.602e-01
 1.72800e-02 -5.04000e-03  1.601e-01
 1.80000e-02 -5.04000e-03  1.600e-01
-1.80000e-02 -4.32000e-03  1.604e-01
-1.72800e-02 -4.32000e-03  1.605e-01
-1.65600e-02 -4.32000e-03  1.605e-01
-1.58400e-02 -4.32000e-03  1.606e-01
-1.51200e-02 -4.32000e-03  1.607e-01
-1.44000e-02 -4.32000e-03  1.607e-01
-1.36800e-02 -4.32000e-03  1.608e-01
-1.29600e-02 -4.32000e-03  1.608e-01
-1.22400e-02 -4.32000e-03  1.609e-01
-1.15200e-02 -4.32000e-03  1.609e-01
-1.08000e-02 -4.32000e-03  1.610e-01
-1.00800e-02 -4.32000e-03  1.610e-01
-9.36000e-03 -4.32000e-03  1.610e-01
-8.64000e-03 -4.32000e-03  1.611e-01
-7.92000e-03 -4.32000e-03  1.611e-01
-7.20000e-03 -4.32000e-03  1.611e-01
-6.48000e-03 -4.32000e-03  1.612e-01
-5.76000e-03 -4.32000e-03  1.612e-01
-5.04000e-03 -4.32000e-03  1.612e-01
-4.32000e-03 -4.32000e-03  1.612e-01
-3.60000e-03 -4.32000e-03  1.612e-01
-2.88000e-03 -4.32000e-03  1.612e-01
-2.16000e-03 -4.32000e-03  1.612e-01
-1.44000e-03 -4.32000e-03  1.612e-01
-7.20000e-04 -4.32000e-03  1.612e-01
 0.00000e+00 -4.32000e-03  1.612e-01
 7.20000e-04 -4.32000e-03  1.612e-01
 1.44000e-03 -4.32000e-03  1.612e-01
 2.16000e-03 -4.32000e-03  1.612e-01
 2.88000e-03 -4.32000e-03  1.612e-01
 3.60000e-03 -4.32000e-03  1.612e-01
 4.32000e-03 -4.32000e-03  1.612e-01
 5.04000e-03 -4.32000e-03  1.612e-01
 5.76000e-03 -4.32000e-03  1.612e-01
 6.48000e-03 -4.32000e-03  1.611e-01
 7.20000e-03 -4.32000e-03  1.611e-01
 7.92000e-03 -4.32000e-03  1.611e-01
 8.64000e-03 -4.32000e-03  1.610e-01
 9.36000e-03 -4.32000e-03  1.610e-01
 1.00800e-02 -4.32000e-03  1.610e-01
 1.08000e-02 -4.32000e-03  1.609e-01
 1.15200e-02 -4.32000e-03  1.609e-01
 1.22400e-02 -4.32000e-03  1.608e-01
 1.29600e-02 -4.32000e-03  1.608e-01
 1.36800e-02 -4.32000e-03  1.607e-01
 1.44000e-02 -4.32000e-03  1.607e-01
 1.51200e-02 -4.32000e-03  1.606e-01
 1.58400e-02 -4.32000e-03  1.606e-01
 1.65600e-02 -4.32000e-03  1.605e-01
 1.72800e-02 -4.32000e-03  1.604e-01
 1.80000e-02 -4.32000e-03  1.603e-01
-1.80000e-02 -3.60000e-03  1.606e-01
-1.72800e-02 -3.60000e-03  1.607e-01
-1.65600e-02 -3.60000e-03  1.608e-01
-1.58400e-02 -3.60000e-03  1.608e-01
-1.51200e-02 -3.60000e-03  1.609e-01
-1.44000e-02 -3.60000e-03  1.610e-01
-1.36800e-02 -3.60000e-03  1.610e-01
-1.29600e-02 -3.60000e-03  1.611e-01
-1.22400e-02 -3.60000e-03  1.611e-01
-1.15200e-02 -3.60000e-03  1.612e-01
-1.08000e-02 -3.60000e-03  1.612e-01
-1.00800e-02 -3.60000e-03  1.612e-01
-9.36000e-03 -3.60000e-03  1.613e-01
-8.64000e-03 -3.60000e-03  1.613e-01
-7.92000e-03 -3.60000e-03  1.613e-01
-7.20000e-03 -3.60000e-03  1.614e-01
-6.48000e-03 -3.60000e-03  1.614e-01
-5.76000e-03 -3.60000e-03  1.614e-01
-5.04000e-03 -3.60000e-03  1.614e-01
-4.32000e-03 -3.60000e-03  1.614e-01
-3.60000e-03 -3.60000e-03  1.615e-01
-2.88000e-03 -3.60000e-03  1.615e-01
-2.16000e-03 -3.60000e-03  1.615e-01
-1.44000e-03 -3.60000e-03  1.615e-01
-7.20000e-04 -3.60000e-03  1.615e-01
 0.00000e+00 -3.60000e-03  1.615e-01
 7.20000e-04 -3.60000e-03  1.615e-01
 1.44000e-03 -3.60000e-03  1.615e-01
 2.16000e-03 -3.60000e-03  1.615e-01
 2.88000e-03 -3.60000e-03  1.614e-01
 3.60000e-03 -3.60000e-03  1.614e-01
 4.32000e-03 -3.60000e-03  1.614e-01
 5.04000e-03 -3.60000e-03  1.614e-01
 5.76000e-03 -3.60000e-03  1.614e-01
 6.48000e-03 -3.60000e-03  1.614e-01
 7.20000e-03 -3.60000e-03  1.613e-01
 7.92000e-03 -3.60000e-03  1.613e-01
 8.64000e-03 -3.60000e-03  1.613e-01
 9.36000e-03 -3.60000e-03  1.612e-01
 1.00800e-02 -3.60000e-03  1.612e-01
 1.08000e-02 -3.60000e-03  1.612e-01
 1.15200e-02 -3.60000e-03  1.611e-01
 1.22400e-02 -3.60000e-03  1.611e-01
 1.29600e-02 -3.60000e-03  1.610e-01
 1.36800e-02 -3.60000e-03  1.610e-01
 1.44000e-02 -3.60000e-03  1.609e-01
 1.51200e-02 -3.60000e-03  1.609e-01
 1.58400e-02 -3.60000e-03  1.608e-01
 1.65600e-02 -3.60000e-03  1.607e-01
 1.72800e-02 -3.60000e-03  1.606e-01
 1.80000e-02 -3.60000e-03  1.606e-01
-1.80000e-02 -2.88000e-03  1.608e-01
-1.72800e-02 -2.88000e-03  1.609e-01
-1.65600e-02 -2.88000e-03  1.610e-01
-1.58400e-02 -2.88000e-03  1.610e-01
-1.51200e-02 -2.88000e-03  1.611e-01
-1.44000e-02 -2.88000e-03  1.611e-01
-1.36800e-02 -2.88000e-03  1.612e-01
-1.29600e-02 -2.88000e-03  1.613e-01
-1.22400e-02 -2.88000e-03  1.613e-01
-1.15200e-02 -2.88000e-03  1.613e-01
-1.08000e-02 -2.88000e-03  1.614e-01
-1.00800e-02 -2.88000e-03  1.614e-01
-9.36000e-03 -2.88000e-03  1.615e-01
-8.64000e-03 -2.88000e-03  1.615e-01
-7.92000e-03 -2.88000e-03  1.615e-01
-7.20000e-03 -2.88000e-03  1.616e-01
-6.48000e-03 -2.88000e-03  1.616e-01
-5.76000e-03 -2.88000e-03  1.616e-01
-5.04000e-03 -2.88000e-03  1.616e-01
-4.32000e-03 -2.88000e-03  1.616e-01
-3.60000e-03 -2.88000e-03  1.617e-01
-2.88000e-03 -2.88000e-03  1.617e-01
-2.16000e-03 -2.88000e-03  1.617e-01
-1.44000e-03 -2.88000e-03  1.617e-01
-7.20000e-04 -2.88000e-03  1.617e-01
 0.00000e+00 -2.88000e-03  1.617e-01
 7.20000e-04 -2.88000e-03  1.617e-01
 1.44000e-03 -2.88000e-03  1.617e-01
 2.16000e-03 -2.88000e-03  1.616e-01
 2.88000e-03 -2.88000e-03  1.616e-01
 3.60000e-03 -2.88000e-03  1.616e-01
 4.32000e-03 -2.88000e-03  1.616e-01
 5.04000e-03 -2.88000e-03  1.616e-01
 5.76000e-03 -2.88000e-03  1.616e-01
 6.48000e-03 -2.88000e-03  1.616e-01
 7.20000e-03 -2.88000e-03  1.615e-01
 7.92000e-03 -2.88000e-03  1.615e-01
 8.64000e-03 -2.88000e-03  1.615e-01
 9.36000e-03 -2.88000e-03  1.614e-01
 1.00800e-02 -2.88000e-03  1.614e-01
 1.08000e-02 -2.88000e-03  1.614e-01
 1.15200e-02 -2.88000e-03  1.613e-01
 1.22400e-02 -2.88000e-03  1.613e-01
 1.29600e-02 -2.88000e-03  1.612e-01
 1.36800e-02 -2.88000e-03  1.612e-01
 1.44000e-02 -2.88000e-03  1.611e-01
 1.51200e-02 -2.88000e-03  1.611e-01
 1.58400e-02 -2.88000e-03  1.610e-01
 1.65600e-02 -2.88000e-03  1.609e-01
 1.72800e-02 -2.88000e-03  1.608e-01
 1.80000e-02 -2.88000e-03  1.608e-01
-1.80000e-02 -2.16000e-03  1.609e-01
-1.72800e-02 -2.16000e-03  1.610e-01
-1.65600e-02 -2.16000e-03  1.611e-01
-1.58400e-02 -2.16000e-03  1.612e-01
-1.51200e-02 -2.16000e-03  1.612e-01
-1.44000e-02 -2.16000e-03  1.613e-01
-1.36800e-02 -2.16000e-03  1.614e-01
-1.29600e-02 -2.16000e-03  1.614e-01
-1.22400e-02 -2.16000e-03  1.614e-01
-1.15200e-02 -2.16000e-03  1.615e-01
-1.08000e-02 -2.16000e-03  1.615e-01
-1.00800e-02 -2.16000e-03  1.616e-01
-9.36000e-03 -2.16000e-03  1.616e-01
-8.64000e-03 -2.16000e-03  1.617e-01
-7.92000e-03 -2.16000e-03  1.617e-01
-7.20000e-03 -2.16000e-03  1.617e-01
-6.48000e-03 -2.16000e-03  1.617e-01
-5.76000e-03 -2.16000e-03  1.618e-01
-5.04000e-03 -2.16000e-03  1.618e-01
-4.32000e-03 -2.16000e-03  1.618e-01
-3.60000e-03 -2.16000e-03  1.618e-01
-2.88000e-03 -2.16000e-03  1.618e-01
-2.16000e-03 -2.16000e-03  1.618e-01
-1.44000e-03 -2.16000e-03  1.618e-01
-7.20000e-04 -2.16000e-03  1.618e-01
 0.00000e+00 -2.16000e-03  1.618e-01
 7.20000e-04 -2.16000e-03  1.618e-01
 1.44000e-03 -2.16000e-03  1.618e-01
 2.16000e-03 -2.16000e-03  1.618e-01
 2.88000e-03 -2.16000e-03  1.618e-01
 3.60000e-03 -2.16000e-03  1.618e-01
 4.32000e-03 -2.16000e-03  1.618e-01
 5.04000e-03 -2.16000e-03  1.618e-01
 5.76000e-03 -2.16000e-03  1.617e-01
 6.48000e-03 -2.16000e-03  1.617e-01
 7.20000e-03 -2.16000e-03  1.617e-01
 7.92000e-03 -2.16000e-03  1.617e-01
 8.64000e-03 -2.16000e-03  1.616e-01
 9.36000e-03 -2.16000e-03  1.616e-01
 1.00800e-02 -2.16000e-03  1.615e-01
 1.08000e-02 -2.16000e-03  1.615e-01
 1.15200e-02 -2.16000e-03  1.615e-01
 1.22400e-02 -2.16000e-03  1.614e-01
 1.29600e-02 -2.16000e-03  1.614e-01
 1.36800e-02 -2.16000e-03  1.613e-01
 1.44000e-02 -2.16000e-03  1.613e-01
 1.51200e-02 -2.16000e-03  1.612e-01
 1.58400e-02 -2.16000e-03  1.611e-01
 1.65600e-02 -2.16000e-03  1.611e-01
 1.72800e-02 -2.16000e-03  1.610e-01
 1.80000e-02 -2.16000e-03  1.609e-01
-1.80000e-02 -1.44000e-03  1.611e-01
-1.72800e-02 -1.44000e-03  1.611e-01
-1.65600e-02 -1.44000e-03  1.612e-01
-1.58400e-02 -1.44000e-03  1.613e-01
-1.51200e-02 -1.44000e-03  1.614e-01
-1.44000e-02 -1.44000e-03  1.614e-01
-1.36800e-02 -1.44000e-03  1.615e-01
-1.29600e-02 -1.44000e-03  1.615e-01
-1.22400e-02 -1.44000e-03  1.616e-01
-1.15200e-02 -1.44000e-03  1.616e-01
-1.08000e-02 -1.44000e-03  1.616e-01
-1.00800e-02 -1.44000e-03  1.617e-01
-9.36000e-03 -1.44000e-03  1.617e-01
-8.64000e-03 -1.44000e-03  1.618e-01
-7.92000e-03 -1.44000e-03  1.618e-01
-7.20000e-03 -1.44000e-03  1.618e-01
-6.48000e-03 -1.44000e-03  1.619e-01
-5.76000e-03 -1.44000e-03  1.619e-01
-5.04000e-03 -1.44000e-03  1.619e-01
-4.32000e-03 -1.44000e-03  1.619e-01
-3.60000e-03 -1.44000e-03  1.619e-01
-2.88000e-03 -1.44000e-03  1.619e-01
-2.16000e-03 -1.44000e-03  1.619e-01
-1.44000e-03 -1.44000e-03  1.619e-01
-7.20000e-04 -1.44000e-03  1.619e-01
 0.00000e+00 -1.44000e-03  1.619e-01
 7.20000e-04 -1.44000e-03  1.619e-01
 1.44000e-03 -1.44000e-03  1.619e-01
 2.16000e-03 -1.44000e-03  1.619e-01
 2.88000e-03 -1.44000e-03  1.619e-01
 3.60000e-03 -1.44000e-03  1.619e-01
 4.32000e-03 -1.44000e-03  1.619e-01
 5.04000e-03 -1.44000e-03  1.619e-01
 5.76000e-03 -1.44000e-03  1.618e-01
 6.48000e-03 -1.44000e-03  1.618e-01
 7.20000e-03 -1.44000e-03  1.618e-01
 7.92000e-03 -1.44000e-03  1.618e-01
 8.64000e-03 -1.44000e-03  1.617e-01
 9.36000e-03 -1.44000e-03  1.617e-01
 1.00800e-02 -1.44000e-03  1.617e-01
 1.08000e-02 -1.44000e-03  1.616e-01
 1.15200e-02 -1.44000e-03  1.616e-01
 1.22400e-02 -1.44000e-03  1.615e-01
 1.29600e-02 -1.44000e-03  1.615e-01
 1.36800e-02 -1.44000e-03  1.614e-01
 1.44000e-02 -1.44000e-03  1.614e-01
 1.51200e-02 -1.44000e-03  1.613e-01
 1.58400e-02 -1.44000e-03  1.612e-01
 1.65600e-02 -1.44000e-03  1.612e-01
 1.72800e-02 -1.44000e-03  1.611e-01
 1.80000e-02 -1.44000e-03  1.610e-01
-1.80000e-02 -7.20000e-04  1.611e-01
-1.72800e-02 -7.20000e-04  1.612e-01
-1.65600e-02 -7.20000e-04  1.613e-01
-1.58400e-02 -7.20000e-04  1.614e-01
-1.51200e-02 -7.20000e-04  1.614e-01
-1.44000e-02 -7.20000e-04  1.615e-01
-1.36800e-02 -7.20000e-04  1.615e-01
-1.29600e-02 -7.20000e-04  1.616e-01
-1.22400e-02 -7.20000e-04  1.616e-01
-1.15200e-02 -7.20000e-04  1.617e-01
-1.08000e-02 -7.20000e-04  1.617e-01
-1.00800e-02 -7.20000e-04  1.618e-01
-9.36000e-03 -7.20000e-04  1.618e-01
-8.64000e-03 -7.20000e-04  1.618e-01
-7.92000e-03 -7.20000e-04  1.619e-01
-7.20000e-03 -7.20000e-04  1.619e-01
-6.48000e-03 -7.20000e-04  1.619e-01
-5.76000e-03 -7.20000e-04  1.619e-01
-5.04000e-03 -7.20000e-04  1.620e-01
-4.32000e-03 -7.20000e-04  1.620e-01
-3.60000e-03 -7.20000e-04  1.620e-01
-2.88000e-03 -7.20000e-04  1.620e-01
-2.16000e-03 -7.20000e-04  1.620e-01
-1.44000e-03 -7.20000e-04  1.620e-01
-7.20000e-04 -7.20000e-04  1.620e-01
 0.00000e+00 -7.20000e-04  1.620e-01
 7.20000e-04 -7.20000e-04  1.620e-01
 1.44000e-03 -7.20000e-04  1.620e-01
 2.16000e-03 -7.20000e-04  1.620e-01
 2.88000e-03 -7.20000e-04  1.620e-01
 3.60000e-03 -7.20000e-04  1.620e-01
 4.32000e-03 -7.20000e-04  1.619e-01
 5.04000e-03 -7.20000e-04  1.619e-01
 5.76000e-03 -7.20000e-04  1.619e-01
 6.48000e-03 -7.20000e-04  1.619e-01
 7.20000e-03 -7.20000e-04  1.619e-01
 7.92000e-03 -7.20000e-04  1.618e-01
 8.64000e-03 -7.20000e-04  1.618e-01
 9.36000e-03 -7.20000e-04  1.618e-01
 1.00800e-02 -7.20000e-04  1.617e-01
 1.08000e-02 -7.20000e-04  1.617e-01
 1.15200e-02 -7.20000e-04  1.616e-01
 1.22400e-02 -7.20000e-04  1.616e-01
 1.29600e-02 -7.20000e-04  1.615e-01
 1.36800e-02 -7.20000e-04  1.615e-01
 1.44000e-02 -7.20000e-04  1.614e-01
 1.51200e-02 -7.20000e-04  1.614e-01
 1.58400e-02 -7.20000e-04  1.613e-01
 1.65600e-02 -7.20000e-04  1.612e-01
 1.72800e-02 -7.20000e-04  1.612e-01
 1.80000e-02 -7.20000e-04  1.611e-01
-1.80000e-02  0.00000e+00  1.611e-01
-1.72800e-02  0.00000e+00  1.612e-01
-1.65600e-02  0.00000e+00  1.613e-01
-1.58400e-02  0.00000e+00  1.614e-01
-1.51200e-02  0.00000e+00  1.614e-01
-1.44000e-02  0.00000e+00  1.615e-01
-1.36800e-02  0.00000e+00  1.615e-01
-1.29600e-02  0.00000e+00  1.616e-01
-1.22400e-02  0.00000e+00  1.616e-01
-1.15200e-02  0.00000e+00  1.617e-01
-1.08000e-02  0.00000e+00  1.617e-01
-1.00800e-02  0.00000e+00  1.618e-01
-9.36000e-03  0.00000e+00  1.618e-01
-8.64000e-03  0.00000e+00  1.619e-01
-7.92000e-03  0.00000e+00  1.619e-01
-7.20000e-03  0.00000e+00  1.619e-01
-6.48000e-03  0.00000e+00  1.619e-01
-5.76000e-03  0.00000e+00  1.620e-01
-5.04000e-03  0.00000e+00  1.620e-01
-4.32000e-03  0.00000e+00  1.620e-01
-3.60000e-03  0.00000e+00  1.620e-01
-2.88000e-03  0.00000e+00  1.620e-01
-2.16000e-03  0.00000e+00  1.620e-01
-1.44000e-03  0.00000e+00  1.620e-01
-7.20000e-04  0.00000e+00  1.620e-01
 0.00000e+00  0.00000e+00  1.620e-01
 7.20000e-04  0.00000e+00  1.620e-01
 1.44000e-03  0.00000e+00  1.620e-01
 2.16000e-03  0.00000e+00  1.620e-01
 2.88000e-03  0.00000e+00  1.620e-01
 3.60000e-03  0.00000e+00  1.620e-01
 4.32000e-03  0.00000e+00  1.620e-01
 5.04000e-03  0.00000e+00  1.619e-01
 5.76000e-03  0.00000e+00  1.619e-01
 6.48000e-03  0.00000e+00  1.619e-01
 7.20000e-03  0.00000e+00  1.619e-01
 7.92000e-03  0.00000e+00  1.619e-01
 8.64000e-03  0.00000e+00  1.618e-01
 9.36000e-03  0.00000e+00  1.618e-01
 1.00800e-02  0.00000e+00  1.617e-01
 1.08000e-02  0.00000e+00  1.617e-01
 1.15200e-02  0.00000e+00  1.617e-01
 1.22400e-02  0.00000e+00  1.616e-01
 1.29600e-02  0.00000e+00  1.616e-01
 1.36800e-02  0.00000e+00  1.615e-01
 1.44000e-02  0.00000e+00  1.615e-01
 1.51200e-02  0.00000e+00  1.614e-01
 1.58400e-02  0.00000e+00  1.613e-01
 1.65600e-02  0.00000e+00  1.613e-01
 1.72800e-02  0.00000e+00  1.612e-01
 1.80000e-02  0.00000e+00  1.611e-01
-1.80000e-02  7.20000e-04  1.611e-01
-1.72800e-02  7.20000e-04  1.612e-01
-1.65600e-02  7.20000e-04  1.613e-01
-1.58400e-02  7.20000e-04  1.614e-01
-1.51200e-02  7.20000e-04  1.614e-01
-1.44000e-02  7.20000e-04  1.615e-01
-1.36800e-02  7.20000e-04  1.615e-01
-1.29600e-02  7.20000e-04  1.616e-01
-1.22400e-02  7.20000e-04  1.616e-01
-1.15200e-02  7.20000e-04  1.617e-01
-1.08000e-02  7.20000e-04  1.617e-01
-1.00800e-02  7.20000e-04  1.618e-01
-9.36000e-03  7.20000e-04  1.618e-01
-8.64000e-03  7.20000e-04  1.618e-01
-7.92000e-03  7.20000e-04  1.619e-01
-7.20000e-03  7.20000e-04  1.619e-01
-6.48000e-03  7.20000e-04  1.619e-01
-5.76000e-03  7.20000e-04  1.619e-01
-5.04000e-03  7.20000e-04  1.620e-01
-4.32000e-03  7.20000e-04  1.620e-01
-3.60000e-03  7.20000e-04  1.620e-01
-2.88000e-03  7.20000e-04  1.620e-01
-2.16000e-03  7.20000e-04  1.620e-01
-1.44000e-03  7.20000e-04  1.620e-01
-7.20000e-04  7.20000e-04  1.620e-01
 0.00000e+00  7.20000e-04  1.620e-01
 7.20000e-04  7.20000e-04  1.620e-01
 1.44000e-03  7.20000e-04  1.620e-01
 2.16000e-03  7.20000e-04  1.620e-01
 2.88000e-03  7.20000e-04  1.620e-01
 3.60000e-03  7.20000e-04  1.620e-01
 4.32000e-03  7.20000e-04  1.619e-01
 5.04000e-03  7.20000e-04  1.619e-01
 5.76000e-03  7.20000e-04  1.619e-01
 6.48000e-03  7.20000e-04  1.619e-01
 7.20000e-03  7.20000e-04  1.619e-01
 7.92000e-03  7.20000e-04  1.618e-01
 8.64000e-03  7.20000e-04  1.618e-01
 9.36000e-03  7.20000e-04  1.618e-01
 1.00800e-02  7.20000e-04  1.617e-01
 1.08000e-02  7.20000e-04  1.617e-01
 1.15200e-02  7.20000e-04  1.616e-01
 1.22400e-02  7.20000e-04  1.616e-01
 1.29600e-02  7.20000e-04  1.615e-01
 1.36800e-02  7.20000e-04  1.615e-01
 1.44000e-02  7.20000e-04  1.614e-01
 1.51200e-02  7.20000e-04  1.614e-01
 1.58400e-02  7.20000e-04  1.613e-01
 1.65600e-02  7.20000e-04  1.612e-01
 1.72800e-02  7.20000e-04  1.612e-01
 1.80000e-02  7.20000e-04  1.611e-01
-1.80000e-02  1.44000e-03  1.611e-01
-1.72800e-02  1.44000e-03  1.611e-01
-1.65600e-02  1.44000e-03  1.612e-01
-1.58400e-02  1.44000e-03  1.613e-01
-1.51200e-02  1.44000e-03  1.614e-01
-1.44000e-02  1.44000e-03  1.614e-01
-1.36800e-02  1.44000e-03  1.615e-01
-1.29600e-02  1.44000e-03  1.615e-01
-1.22400e-02  1.44000e-03  1.616e-01
-1.15200e-02  1.44000e-03  1.616e-01
-1.08000e-02  1.44000e-03  1.616e-01
-1.00800e-02  1.44000e-03  1.617e-01
-9.36000e-03  1.44000e-03  1.617e-01
-8.64000e-03  1.44000e-03  1.618e-01
-7.92000e-03  1.44000e-03  1.618e-01
-7.20000e-03  1.44000e-03  1.618e-01
-6.48000e-03  1.44000e-03  1.619e-01
-5.76000e-03  1.44000e-03  1.619e-01
-5.04000e-03  1.44000e-03  1.619e-01
-4.32000e-03  1.44000e-03  1.619e-01
-3.60000e-03  1.44000e-03  1.619e-01
-2.88000e-03  1.44000e-03  1.619e-01
-2.16000e-03  1.44000e-03  1.619e-01
-1.44000e-03  1.44000e-03  1.619e-01
-7.20000e-04  1.44000e-03  1.619e-01
 0.00000e+00  1.44000e-03  1.619e-01
 7.20000e-04  1.44000e-03  1.619e-01
 1.44000e-03  1.44000e-03  1.619e-01
 2.16000e-03  1.44000e-03  1.619e-01
 2.88000e-03  1.44000e-03  1.619e-01
 3.60000e-03  1.44000e-03  1.619e-01
 4.32000e-03  1.44000e-03  1.619e-01
 5.04000e-03  1.44000e-03  1.619e-01
 5.76000e-03  1.44000e-03  1.618e-01
 6.48000e-03  1.44000e-03  1.618e-01
 7.20000e-03  1.44000e-03  1.618e-01
 7.92000e-03  1.44000e-03  1.618e-01
 8.64000e-03  1.44000e-03  1.617e-01
 9.36000e-03  1.44000e-03  1.617e-01
 1.00800e-02  1.44000e-03  1.617e-01
 1.08000e-02  1.44000e-03  1.616e-01
 1.15200e-02  1.44000e-03  1.616e-01
 1.22400e-02  1.44000e-03  1.615e-01
 1.29600e-02  1.44000e-03  1.615e-01
 1.36800e-02  1.44000e-03  1.614e-01
 1.44000e-02  1.44000e-03  1.614e-01
 1.51200e-02  1.44000e-03  1.613e-01
 1.58400e-02  1.44000e-03  1.612e-01
 1.65600e-02  1.44000e-03  1.612e-01
 1.72800e-02  1.44000e-03  1.611e-01
 1.80000e-02  1.44000e-03  1.610e-01
-1.80000e-02  2.16000e-03  1.610e-01
-1.72800e-02  2.16000e-03  1.610e-01
-1.65600e-02  2.16000e-03  1.611e-01
-1.58400e-02  2.16000e-03  1.612e-01
-1.51200e-02  2.16000e-03  1.612e-01
-1.44000e-02  2.16000e-03  1.613e-01
-1.36800e-02  2.16000e-03  1.614e-01
-1.29600e-02  2.16000e-03  1.614e-01
-1.22400e-02  2.16000e-03  1.614e-01
-1.15200e-02  2.16000e-03  1.615e-01
-1.08000e-02  2.16000e-03  1.615e-01
-1.00800e-02  2.16000e-03  1.616e-01
-9.36000e-03  2.16000e-03  1.616e-01
-8.64000e-03  2.16000e-03  1.617e-01
-7.92000e-03  2.16000e-03  1.617e-01
-7.20000e-03  2.16000e-03  1.617e-01
-6.48000e-03  2.16000e-03  1.617e-01
-5.76000e-03  2.16000e-03  1.618e-01
-5.04000e-03  2.16000e-03  1.618e-01
-4.32000e-03  2.16000e-03  1.618e-01
-3.60000e-03  2.16000e-03  1.618e-01
-2.88000e-03  2.16000e-03  1.618e-01
-2.16000e-03  2.16000e-03  1.618e-01
-1.44000e-03  2.16000e-03  1.618e-01
-7.20000e-04  2.16000e-03  1.618e-01
 0.00000e+00  2.16000e-03  1.618e-01
 7.20000e-04  2.16000e-03  1.618e-01
 1.44000e-03  2.16000e-03  1.618e-01
 2.16000e-03  2.16000e-03  1.618e-01
 2.88000e-03  2.16000e-03  1.618e-01
 3.60000e-03  2.16000e-03  1.618e-01
 4.32000e-03  2.16000e-03  1.618e-01
 5.04000e-03  2.16000e-03  1.618e-01
 5.76000e-03  2.16000e-03  1.617e-01
 6.48000e-03  2.16000e-03  1.617e-01
 7.20000e-03  2.16000e-03  1.617e-01
 7.92000e-03  2.16000e-03  1.617e-01
 8.64000e-03  2.16000e-03  1.616e-01
 9.36000e-03  2.16000e-03  1.616e-01
 1.00800e-02  2.16000e-03  1.616e-01
 1.08000e-02  2.16000e-03  1.615e-01
 1.15200e-02  2.16000e-03  1.615e-01
 1.22400e-02  2.16000e-03  1.614e-01
 1.29600e-02  2.16000e-03  1.614e-01
 1.36800e-02  2.16000e-03  1.613e-01
 1.44000e-02  2.16000e-03  1.613e-01
 1.51200e-02  2.16000e-03  1.612e-01
 1.58400e-02  2.16000e-03  1.611e-01
 1.65600e-02  2.16000e-03  1.611e-01
 1.72800e-02  2.16000e-03  1.610e-01
 1.80000e-02  2.16000e-03  1.609e-01
-1.80000e-02  2.88000e-03  1.608e-01
-1.72800e-02  2.88000e-03  1.609e-01
-1.65600e-02  2.88000e-03  1.610e-01
-1.58400e-02  2.88000e-03  1.610e-01
-1.51200e-02  2.88000e-03  1.611e-01
-1.44000e-02  2.88000e-03  1.611e-01
-1.36800e-02  2.88000e-03  1.612e-01
-1.29600e-02  2.88000e-03  1.613e-01
-1.22400e-02  2.88000e-03  1.613e-01
-1.15200e-02  2.88000e-03  1.613e-01
-1.08000e-02  2.88000e-03  1.614e-01
-1.00800e-02  2.88000e-03  1.614e-01
-9.36000e-03  2.88000e-03  1.615e-01
-8.64000e-03  2.88000e-03  1.615e-01
-7.92000e-03  2.88000e-03  1.615e-01
-7.20000e-03  2.88000e-03  1.616e-01
-6.48000e-03  2.88000e-03  1.616e-01
-5.76000e-03  2.88000e-03  1.616e-01
-5.04000e-03  2.88000e-03  1.616e-01
-4.32000e-03  2.88000e-03  1.616e-01
-3.60000e-03  2.88000e-03  1.617e-01
-2.88000e-03  2.88000e-03  1.617e-01
-2.16000e-03  2.88000e-03  1.617e-01
-1.44000e-03  2.88000e-03  1.617e-01
-7.20000e-04  2.88000e-03  1.617e-01
 0.00000e+00  2.88000e-03  1.617e-01
 7.20000e-04  2.88000e-03  1.617e-01
 1.44000e-03  2.88000e-03  1.617e-01
 2.16000e-03  2.88000e-03  1.616e-01
 2.88000e-03  2.88000e-03  1.616e-01
 3.60000e-03  2.88000e-03  1.616e-01
 4.32000e-03  2.88000e-03  1.616e-01
 5.04000e-03  2.88000e-03  1.616e-01
 5.76000e-03  2.88000e-03  1.616e-01
 6.48000e-03  2.88000e-03  1.616e-01
 7.20000e-03  2.88000e-03  1.615e-01
 7.92000e-03  2.88000e-03  1.615e-01
 8.64000e-03  2.88000e-03  1.615e-01
 9.36000e-03  2.88000e-03  1.614e-01
 1.00800e-02  2.88000e-03  1.614e-01
 1.08000e-02  2.88000e-03  1.614e-01
 1.15200e-02  2.88000e-03  1.613e-01
 1.22400e-02  2.88000e-03  1.613e-01
 1.29600e-02  2.88000e-03  1.612e-01
 1.36800e-02  2.88000e-03  1.612e-01
 1.44000e-02  2.88000e-03  1.611e-01
 1.51200e-02  2.88000e-03  1.611e-01
 1.58400e-02  2.88000e-03  1.610e-01
 1.65600e-02  2.88000e-03  1.609e-01
 1.72800e-02  2.88000e-03  1.608e-01
 1.80000e-02  2.88000e-03  1.608e-01
-1.80000e-02  3.60000e-03  1.606e-01
-1.72800e-02  3.60000e-03  1.607e-01
-1.65600e-02  3.60000e-03  1.608e-01
-1.58400e-02  3.60000e-03  1.608e-01
-1.51200e-02  3.60000e-03  1.609e-01
-1.44000e-02  3.60000e-03  1.610e-01
-1.36800e-02  3.60000e-03  1.610e-01
-1.29600e-02  3.60000e-03  1.611e-01
-1.22400e-02  3.60000e-03  1.611e-01
-1.15200e-02  3.60000e-03  1.612e-01
-1.08000e-02  3.60000e-03  1.612e-01
-1.00800e-02  3.60000e-03  1.612e-01
-9.36000e-03  3.60000e-03  1.613e-01
-8.64000e-03  3.60000e-03  1.613e-01
-7.92000e-03  3.60000e-03  1.613e-01
-7.20000e-03  3.60000e-03  1.614e-01
-6.48000e-03  3.60000e-03  1.614e-01
-5.76000e-03  3.60000e-03  1.614e-01
-5.04000e-03  3.60000e-03  1.614e-01
-4.32000e-03  3.60000e-03  1.615e-01
-3.60000e-03  3.60000e-03  1.615e-01
-2.88000e-03  3.60000e-03  1.615e-01
-2.16000e-03  3.60000e-03  1.615e-01
-1.44000e-03  3.60000e-03  1.615e-01
-7.20000e-04  3.60000e-03  1.615e-01
 0.00000e+00  3.60000e-03  1.615e-01
 7.20000e-04  3.60000e-03  1.615e-01
 1.44000e-03  3.60000e-03  1.615e-01
 2.16000e-03  3.60000e-03  1.615e-01
 2.88000e-03  3.60000e-03  1.614e-01
 3.60000e-03  3.60000e-03  1.614e-01
 4.32000e-03  3.60000e-03  1.614e-01
 5.04000e-03  3.60000e-03  1.614e-01
 5.76000e-03  3.60000e-03  1.614e-01
 6.48000e-03  3.60000e-03  1.614e-01
 7.20000e-03  3.60000e-03  1.613e-01
 7.92000e-03  3.60000e-03  1.613e-01
 8.64000e-03  3.60000e-03  1.613e-01
 9.36000e-03  3.60000e-03  1.612e-01
 1.00800e-02  3.60000e-03  1.612e-01
 1.08000e-02  3.60000e-03  1.612e-01
 1.15200e-02  3.60000e-03  1.611e-01
 1.22400e-02  3.60000e-03  1.611e-01
 1.29600e-02  3.60000e-03  1.610e-01
 1.36800e-02  3.60000e-03  1.610e-01
 1.44000e-02  3.60000e-03  1.609e-01
 1.51200e-02  3.60000e-03  1.609e-01
 1.58400e-02  3.60000e-03  1.608e-01
 1.65600e-02  3.60000e-03  1.607e-01
 1.72800e-02  3.60000e-03  1.606e-01
 1.80000e-02  3.60000e-03  1.606e-01
-1.80000e-02  4.32000e-03  1.604e-01
-1.72800e-02  4.32000e-03  1.605e-01
-1.65600e-02  4.32000e-03  1.605e-01
-1.58400e-02  4.32000e-03  1.606e-01
-1.51200e-02  4.32000e-03  1.607e-01
-1.44000e-02  4.32000e-03  1.607e-01
-1.36800e-02  4.32000e-03  1.608e-01
-1.29600e-02  4.32000e-03  1.608e-01
-1.22400e-02  4.32000e-03  1.609e-01
-1.15200e-02  4.32000e-03  1.609e-01
-1.08000e-02  4.32000e-03  1.610e-01
-1.00800e-02  4.32000e-03  1.610e-01
-9.36000e-03  4.32000e-03  1.610e-01
-8.64000e-03  4.32000e-03  1.611e-01
-7.92000e-03  4.32000e-03  1.611e-01
-7.20000e-03  4.32000e-03  1.611e-01
-6.48000e-03  4.32000e-03  1.612e-01
-5.76000e-03  4.32000e-03  1.612e-01
-5.04000e-03  4.32000e-03  1.612e-01
-4.32000e-03  4.32000e-03  1.612e-01
-3.60000e-03  4.32000e-03  1.612e-01
-2.88000e-03  4.32000e-03  1.612e-01
-2.16000e-03  4.32000e-03  1.612e-01
-1.44000e-03  4.32000e-03  1.612e-01
-7.20000e-04  4.32000e-03  1.612e-01
 0.00000e+00  4.32000e-03  1.612e-01
 7.20000e-04  4.32000e-03  1.612e-01
 1.44000e-03  4.32000e-03  1.612e-01
 2.16000e-03  4.32000e-03  1.612e-01
 2.88000e-03  4.32000e-03  1.612e-01
 3.60000e-03  4.32000e-03  1.612e-01
 4.32000e-03  4.32000e-03  1.612e-01
 5.04000e-03  4.32000e-03  1.612e-01
 5.76000e-03  4.32000e-03  1.612e-01
 6.48000e-03  4.32000e-03  1.611e-01
 7.20000e-03  4.32000e-03  1.611e-01
 7.92000e-03  4.32000e-03  1.611e-01
 8.64000e-03  4.32000e-03  1.610e-01
 9.36000e-03  4.32000e-03  1.610e-01
 1.00800e-02  4.32000e-03  1.610e-01
 1.08000e-02  4.32000e-03  1.609e-01
 1.15200e-02  4.32000e-03  1.609e-01
 1.22400e-02  4.32000e-03  1.608e-01
 1.29600e-02  4.32000e-03  1.608e-01
 1.36800e-02  4.32000e-03  1.607e-01
 1.44000e-02  4.32000e-03  1.607e-01
 1.51200e-02  4.32000e-03  1.606e-01
 1.58400e-02  4.32000e-03  1.606e-01
 1.65600e-02  4.32000e-03  1.605e-01
 1.72800e-02  4.32000e-03  1.604e-01
 1.80000e-02  4.32000e-03  1.603e-01
-1.80000e-02  5.04000e-03  1.601e-01
-1.72800e-02  5.04000e-03  1.602e-01
-1.65600e-02  5.04000e-03  1.603e-01
-1.58400e-02  5.04000e-03  1.603e-01
-1.51200e-02  5.04000e-03  1.604e-01
-1.44000e-02  5.04000e-03  1.604e-01
-1.36800e-02  5.04000e-03  1.605e-01
-1.29600e-02  5.04000e-03  1.605e-01
-1.22400e-02  5.04000e-03  1.606e-01
-1.15200e-02  5.04000e-03  1.606e-01
-1.08000e-02  5.04000e-03  1.607e-01
-1.00800e-02  5.04000e-03  1.607e-01
-9.36000e-03  5.04000e-03  1.608e-01
-8.64000e-03  5.04000e-03  1.608e-01
-7.92000e-03  5.04000e-03  1.608e-01
-7.20000e-03  5.04000e-03  1.609e-01
-6.48000e-03  5.04000e-03  1.609e-01
-5.76000e-03  5.04000e-03  1.609e-01
-5.04000e-03  5.04000e-03  1.609e-01
-4.32000e-03  5.04000e-03  1.609e-01
-3.60000e-03  5.04000e-03  1.609e-01
-2.88000e-03  5.04000e-03  1.609e-01
-2.16000e-03  5.04000e-03  1.610e-01
-1.44000e-03  5.04000e-03  1.610e-01
-7.20000e-04  5.04000e-03  1.610e-01
 0.00000e+00  5.04000e-03  1.609e-01
 7.20000e-04  5.04000e-03  1.609e-01
 1.44000e-03  5.04000e-03  1.609e-01
 2.16000e-03  5.04000e-03  1.609e-01
 2.88000e-03  5.04000e-03  1.609e-01
 3.60000e-03  5.04000e-03  1.609e-01
 4.32000e-03  5.04000e-03  1.609e-01
 5.04000e-03  5.04000e-03  1.609e-01
 5.76000e-03  5.04000e-03  1.609e-01
 6.48000e-03  5.04000e-03  1.609e-01
 7.20000e-03  5.04000e-03  1.608e-01
 7.92000e-03  5.04000e-03  1.608e-01
 8.64000e-03  5.04000e-03  1.608e-01
 9.36000e-03  5.04000e-03  1.607e-01
 1.00800e-02  5.04000e-03  1.607e-01
 1.08000e-02  5.04000e-03  1.606e-01
 1.15200e-02  5.04000e-03  1.606e-01
 1.22400e-02  5.04000e-03  1.606e-01
 1.29600e-02  5.04000e-03  1.605e-01
 1.36800e-02  5.04000e-03  1.605e-01
 1.44000e-02  5.04000e-03  1.604e-01
 1.51200e-02  5.04000e-03  1.603e-01
 1.58400e-02  5.04000e-03  1.603e-01
 1.65600e-02  5.04000e-03  1.602e-01
 1.72800e-02  5.04000e-03  1.601e-01
 1.80000e-02  5.04000e-03  1.600e-01
-1.80000e-02  5.76000e-03  1.598e-01
-1.72800e-02  5.76000e-03  1.599e-01
-1.65600e-02  5.76000e-03  1.599e-01
-1.58400e-02  5.76000e-03  1.600e-01
-1.51200e-02  5.76000e-03  1.601e-01
-1.44000e-02  5.76000e-03  1.601e-01
-1.36800e-02  5.76000e-03  1.602e-01
-1.29600e-02  5.76000e-03  1.602e-01
-1.22400e-02  5.76000e-03  1.603e-01
-1.15200e-02  5.76000e-03  1.603e-01
-1.08000e-02  5.76000e-03  1.604e-01
-1.00800e-02  5.76000e-03  1.604e-01
-9.36000e-03  5.76000e-03  1.604e-01
-8.64000e-03  5.76000e-03  1.605e-01
-7.92000e-03  5.76000e-03  1.605e-01
-7.20000e-03  5.76000e-03  1.605e-01
-6.48000e-03  5.76000e-03  1.606e-01
-5.76000e-03  5.76000e-03  1.606e-01
-5.04000e-03  5.76000e-03  1.606e-01
-4.32000e-03  5.76000e-03  1.606e-01
-3.60000e-03  5.76000e-03  1.606e-01
-2.88000e-03  5.76000e-03  1.606e-01
-2.16000e-03  5.76000e-03  1.606e-01
-1.44000e-03  5.76000e-03  1.606e-01
-7.20000e-04  5.76000e-03  1.606e-01
 0.00000e+00  5.76000e-03  1.606e-01
 7.20000e-04  5.76000e-03  1.606e-01
 1.44000e-03  5.76000e-03  1.606e-01
 2.16000e-03  5.76000e-03  1.606e-01
 2.88000e-03  5.76000e-03  1.606e-01
 3.60000e-03  5.76000e-03  1.606e-01
 4.32000e-03  5.76000e-03  1.606e-01
 5.04000e-03  5.76000e-03  1.606e-01
 5.76000e-03  5.76000e-03  1.605e-01
 6.48000e-03  5.76000e-03  1.605e-01
 7.20000e-03  5.76000e-03  1.605e-01
 7.92000e-03  5.76000e-03  1.605e-01
 8.64000e-03  5.76000e-03  1.604e-01
 9.36000e-03  5.76000e-03  1.604e-01
 1.00800e-02  5.76000e-03  1.604e-01
 1.08000e-02  5.76000e-03  1.603e-01
 1.15200e-02  5.76000e-03  1.603e-01
 1.22400e-02  5.76000e-03  1.602e-01
 1.29600e-02  5.76000e-03  1.602e-01
 1.36800e-02  5.76000e-03  1.601e-01
 1.44000e-02  5.76000e-03  1.601e-01
 1.51200e-02  5.76000e-03  1.600e-01
 1.58400e-02  5.76000e-03  1.600e-01
 1.65600e-02  5.76000e-03  1.599e-01
 1.72800e-02  5.76000e-03  1.598e-01
 1.80000e-02  5.76000e-03  1.597e-01
-1.80000e-02  6.48000e-03  1.594e-01
-1.72800e-02  6.48000e-03  1.595e-01
-1.65600e-02  6.48000e-03  1.596e-01
-1.58400e-02  6.48000e-03  1.596e-01
-1.51200e-02  6.48000e-03  1.597e-01
-1.44000e-02  6.48000e-03  1.598e-01
-1.36800e-02  6.48000e-03  1.598e-01
-1.29600e-02  6.48000e-03  1.599e-01
-1.22400e-02  6.48000e-03  1.599e-01
-1.15200e-02  6.48000e-03  1.600e-01
-1.08000e-02  6.48000e-03  1.600e-01
-1.00800e-02  6.48000e-03  1.600e-01
-9.36000e-03  6.48000e-03  1.601e-01
-8.64000e-03  6.48000e-03  1.601e-01
-7.92000e-03  6.48000e-03  1.601e-01
-7.20000e-03  6.48000e-03  1.602e-01
-6.48000e-03  6.48000e-03  1.602e-01
-5.76000e-03  6.48000e-03  1.602e-01
-5.04000e-03  6.48000e-03  1.602e-01
-4.32000e-03  6.48000e-03  1.602e-01
-3.60000e-03  6.48000e-03  1.603e-01
-2.88000e-03  6.48000e-03  1.603e-01
-2.16000e-03  6.48000e-03  1.603e-01
-1.44000e-03  6.48000e-03  1.603e-01
-7.20000e-04  6.48000e-03  1.603e-01
 0.00000e+00  6.48000e-03  1.603e-01
 7.20000e-04  6.48000e-03  1.603e-01
 1.44000e-03  6.48000e-03  1.603e-01
 2.16000e-03  6.48000e-03  1.602e-01
 2.88000e-03  6.48000e-03  1.602e-01
 3.60000e-03  6.48000e-03  1.602e-01
 4.32000e-03  6.48000e-03  1.602e-01
 5.04000e-03  6.48000e-03  1.602e-01
 5.76000e-03  6.48000e-03  1.602e-01
 6.48000e-03  6.48000e-03  1.602e-01
 7.20000e-03  6.48000e-03  1.601e-01
 7.92000e-03  6.48000e-03  1.601e-01
 8.64000e-03  6.48000e-03  1.601e-01
 9.36000e-03  6.48000e-03  1.600e-01
 1.00800e-02  6.48000e-03  1.600e-01
 1.08000e-02  6.48000e-03  1.600e-01
 1.15200e-02  6.48000e-03  1.599e-01
 1.22400e-02  6.48000e-03  1.599e-01
 1.29600e-02  6.48000e-03  1.598e-01
 1.36800e-02  6.48000e-03  1.598e-01
 1.44000e-02  6.48000e-03  1.597e-01
 1.51200e-02  6.48000e-03  1.597e-01
 1.58400e-02  6.48000e-03  1.596e-01
 1.65600e-02  6.48000e-03  1.595e-01
 1.72800e-02  6.48000e-03  1.595e-01
 1.80000e-02  6.48000e-03  1.594e-01
-1.80000e-02  7.20000e-03  1.590e-01
-1.72800e-02  7.20000e-03  1.591e-01
-1.65600e-02  7.20000e-03  1.592e-01
-1.58400e-02  7.20000e-03  1.592e-01
-1.51200e-02  7.20000e-03  1.593e-01
-1.44000e-02  7.20000e-03  1.594e-01
-1.36800e-02  7.20000e-03  1.594e-01
-1.29600e-02  7.20000e-03  1.595e-01
-1.22400e-02  7.20000e-03  1.595e-01
-1.15200e-02  7.20000e-03  1.595e-01
-1.08000e-02  7.20000e-03  1.596e-01
-1.00800e-02  7.20000e-03  1.596e-01
-9.36000e-03  7.20000e-03  1.597e-01
-8.64000e-03  7.20000e-03  1.597e-01
-7.92000e-03  7.20000e-03  1.597e-01
-7.20000e-03  7.20000e-03  1.598e-01
-6.48000e-03  7.20000e-03  1.598e-01
-5.76000e-03  7.20000e-03  1.598e-01
-5.04000e-03  7.20000e-03  1.598e-01
-4.32000e-03  7.20000e-03  1.598e-01
-3.60000e-03  7.20000e-03  1.599e-01
-2.88000e-03  7.20000e-03  1.599e-01
-2.16000e-03  7.20000e-03  1.599e-01
-1.44000e-03  7.20000e-03  1.599e-01
-7.20000e-04  7.20000e-03  1.599e-01
 0.00000e+00  7.20000e-03  1.599e-01
 7.20000e-04  7.20000e-03  1.599e-01
 1.44000e-03  7.20000e-03  1.598e-01
 2.16000e-03  7.20000e-03  1.598e-01
 2.88000e-03  7.20000e-03  1.598e-01
 3.60000e-03  7.20000e-03  1.598e-01
 4.32000e-03  7.20000e-03  1.598e-01
 5.04000e-03  7.20000e-03  1.598e-01
 5.76000e-03  7.20000e-03  1.598e-01
 6.48000e-03  7.20000e-03  1.598e-01
 7.20000e-03  7.20000e-03  1.597e-01
 7.92000e-03  7.20000e-03  1.597e-01
 8.64000e-03  7.20000e-03  1.597e-01
 9.36000e-03  7.20000e-03  1.596e-01
 1.00800e-02  7.20000e-03  1.596e-01
 1.08000e-02  7.20000e-03  1.596e-01
 1.15200e-02  7.20000e-03  1.595e-01
 1.22400e-02  7.20000e-03  1.595e-01
 1.29600e-02  7.20000e-03  1.594e-01
 1.36800e-02  7.20000e-03  1.594e-01
 1.44000e-02  7.20000e-03  1.593e-01
 1.51200e-02  7.20000e-03  1.593e-01
 1.58400e-02  7.20000e-03  1.592e-01
 1.65600e-02  7.20000e-03  1.591e-01
 1.72800e-02  7.20000e-03  1.591e-01
 1.80000e-02  7.20000e-03  1.590e-01
-1.80000e-02  7.92000e-03  1.586e-01
-1.72800e-02  7.92000e-03  1.586e-01
-1.65600e-02  7.92000e-03  1.587e-01
-1.58400e-02  7.92000e-03  1.588e-01
-1.51200e-02  7.92000e-03  1.589e-01
-1.44000e-02  7.92000e-03  1.589e-01
-1.36800e-02  7.92000e-03  1.590e-01
-1.29600e-02  7.92000e-03  1.590e-01
-1.22400e-02  7.92000e-03  1.591e-01
-1.15200e-02  7.92000e-03  1.591e-01
-1.08000e-02  7.92000e-03  1.591e-01
-1.00800e-02  7.92000e-03  1.592e-01
-9.36000e-03  7.92000e-03  1.592e-01
-8.64000e-03  7.92000e-03  1.593e-01
-7.92000e-03  7.92000e-03  1.593e-01
-7.20000e-03  7.92000e-03  1.593e-01
-6.48000e-03  7.92000e-03  1.593e-01
-5.76000e-03  7.92000e-03  1.594e-01
-5.04000e-03  7.92000e-03  1.594e-01
-4.32000e-03  7.92000e-03  1.594e-01
-3.60000e-03  7.92000e-03  1.594e-01
-2.88000e-03  7.92000e-03  1.594e-01
-2.16000e-03  7.92000e-03  1.594e-01
-1.44000e-03  7.92000e-03  1.594e-01
-7.20000e-04  7.92000e-03  1.594e-01
 0.00000e+00  7.92000e-03  1.594e-01
 7.20000e-04  7.92000e-03  1.594e-01
 1.44000e-03  7.92000e-03  1.594e-01
 2.16000e-03  7.92000e-03  1.594e-01
 2.88000e-03  7.92000e-03  1.594e-01
 3.60000e-03  7.92000e-03  1.594e-01
 4.32000e-03  7.92000e-03  1.594e-01
 5.04000e-03  7.92000e-03  1.593e-01
 5.76000e-03  7.92000e-03  1.593e-01
 6.48000e-03  7.92000e-03  1.593e-01
 7.20000e-03  7.92000e-03  1.593e-01
 7.92000e-03  7.92000e-03  1.593e-01
 8.64000e-03  7.92000e-03  1.592e-01
 9.36000e-03  7.92000e-03  1.592e-01
 1.00800e-02  7.92000e-03  1.592e-01
 1.08000e-02  7.92000e-03  1.591e-01
 1.15200e-02  7.92000e-03  1.591e-01
 1.22400e-02  7.92000e-03  1.590e-01
 1.29600e-02  7.92000e-03  1.590e-01
 1.36800e-02  7.92000e-03  1.589e-01
 1.44000e-02  7.92000e-03  1.589e-01
 1.51200e-02  7.92000e-03  1.588e-01
 1.58400e-02  7.92000e-03  1.588e-01
 1.65600e-02  7.92000e-03  1.587e-01
 1.72800e-02  7.92000e-03  1.586e-01
 1.80000e-02  7.92000e-03  1.585e-01
-1.80000e-02  8.64000e-03  1.581e-01
-1.72800e-02  8.64000e-03  1.582e-01
-1.65600e-02  8.64000e-03  1.582e-01
-1.58400e-02  8.64000e-03  1.583e-01
-1.51200e-02  8.64000e-03  1.584e-01
-1.44000e-02  8.64000e-03  1.584e-01
-1.36800e-02  8.64000e-03  1.585e-01
-1.29600e-02  8.64000e-03  1.585e-01
-1.22400e-02  8.64000e-03  1.586e-01
-1.15200e-02  8.64000e-03  1.586e-01
-1.08000e-02  8.64000e-03  1.587e-01
-1.00800e-02  8.64000e-03  1.587e-01
-9.36000e-03  8.64000e-03  1.587e-01
-8.64000e-03  8.64000e-03  1.588e-01
-7.92000e-03  8.64000e-03  1.588e-01
-7.20000e-03  8.64000e-03  1.588e-01
-6.48000e-03  8.64000e-03  1.589e-01
-5.76000e-03  8.64000e-03  1.589e-01
-5.04000e-03  8.64000e-03  1.589e-01
-4.32000e-03  8.64000e-03  1.589e-01
-3.60000e-03  8.64000e-03  1.589e-01
-2.88000e-03  8.64000e-03  1.589e-01
-2.16000e-03  8.64000e-03  1.589e-01
-1.44000e-03  8.64000e-03  1.589e-01
-7.20000e-04  8.64000e-03  1.589e-01
 0.00000e+00  8.64000e-03  1.589e-01
 7.20000e-04  8.64000e-03  1.589e-01
 1.44000e-03  8.64000e-03  1.589e-01
 2.16000e-03  8.64000e-03  1.589e-01
 2.88000e-03  8.64000e-03  1.589e-01
 3.60000e-03  8.64000e-03  1.589e-01
 4.32000e-03  8.64000e-03  1.589e-01
 5.04000e-03  8.64000e-03  1.589e-01
 5.76000e-03  8.64000e-03  1.588e-01
 6.48000e-03  8.64000e-03  1.588e-01
 7.20000e-03  8.64000e-03  1.588e-01
 7.92000e-03  8.64000e-03  1.588e-01
 8.64000e-03  8.64000e-03  1.587e-01
 9.36000e-03  8.64000e-03  1.587e-01
 1.00800e-02  8.64000e-03  1.587e-01
 1.08000e-02  8.64000e-03  1.586e-01
 1.15200e-02  8.64000e-03  1.586e-01
 1.22400e-02  8.64000e-03  1.585e-01
 1.29600e-02  8.64000e-03  1.585e-01
 1.36800e-02  8.64000e-03  1.584e-01
 1.44000e-02  8.64000e-03  1.584e-01
 1.51200e-02  8.64000e-03  1.583e-01
 1.58400e-02  8.64000e-03  1.583e-01
 1.65600e-02  8.64000e-03  1.582e-01
 1.72800e-02  8.64000e-03  1.581e-01
 1.80000e-02  8.64000e-03  1.580e-01
-1.80000e-02  9.36000e-03  1.576e-01
-1.72800e-02  9.36000e-03  1.576e-01
-1.65600e-02  9.36000e-03  1.577e-01
-1.58400e-02  9.36000e-03  1.578e-01
-1.51200e-02  9.36000e-03  1.578e-01
-1.44000e-02  9.36000e-03  1.579e-01
-1.36800e-02  9.36000e-03  1.580e-01
-1.29600e-02  9.36000e-03  1.580e-01
-1.22400e-02  9.36000e-03  1.580e-01
-1.15200e-02  9.36000e-03  1.581e-01
-1.08000e-02  9.36000e-03  1.581e-01
-1.00800e-02  9.36000e-03  1.582e-01
-9.36000e-03  9.36000e-03  1.582e-01
-8.64000e-03  9.36000e-03  1.582e-01
-7.92000e-03  9.36000e-03  1.583e-01
-7.20000e-03  9.36000e-03  1.583e-01
-6.48000e-03  9.36000e-03  1.583e-01
-5.76000e-03  9.36000e-03  1.584e-01
-5.04000e-03  9.36000e-03  1.584e-01
-4.32000e-03  9.36000e-03  1.584e-01
-3.60000e-03  9.36000e-03  1.584e-01
-2.88000e-03  9.36000e-03  1.584e-01
-2.16000e-03  9.36000e-03  1.584e-01
-1.44000e-03  9.36000e-03  1.584e-01
-7.20000e-04  9.36000e-03  1.584e-01
 0.00000e+00  9.36000e-03  1.584e-01
 7.20000e-04  9.36000e-03  1.584e-01
 1.44000e-03  9.36000e-03  1.584e-01
 2.16000e-03  9.36000e-03  1.584e-01
 2.88000e-03  9.36000e-03  1.584e-01
 3.60000e-03  9.36000e-03  1.584e-01
 4.32000e-03  9.36000e-03  1.584e-01
 5.04000e-03  9.36000e-03  1.583e-01
 5.76000e-03  9.36000e-03  1.583e-01
 6.48000e-03  9.36000e-03  1.583e-01
 7.20000e-03  9.36000e-03  1.583e-01
 7.92000e-03  9.36000e-03  1.582e-01
 8.64000e-03  9.36000e-03  1.582e-01
 9.36000e-03  9.36000e-03  1.582e-01
 1.00800e-02  9.36000e-03  1.581e-01
 1.08000e-02  9.36000e-03  1.581e-01
 1.15200e-02  9.36000e-03  1.581e-01
 1.22400e-02  9.36000e-03  1.580e-01
 1.29600e-02  9.36000e-03  1.580e-01
 1.36800e-02  9.36000e-03  1.579e-01
 1.44000e-02  9.36000e-03  1.579e-01
 1.51200e-02  9.36000e-03  1.578e-01
 1.58400e-02  9.36000e-03  1.577e-01
 1.65600e-02  9.36000e-03  1.577e-01
 1.72800e-02  9.36000e-03  1.576e-01
 1.80000e-02  9.36000e-03  1.575e-01
-1.80000e-02  1.00800e-02  1.570e-01
-1.72800e-02  1.00800e-02  1.571e-01
-1.65600e-02  1.00800e-02  1.571e-01
-1.58400e-02  1.00800e-02  1.572e-01
-1.51200e-02  1.00800e-02  1.573e-01
-1.44000e-02  1.00800e-02  1.573e-01
-1.36800e-02  1.00800e-02  1.574e-01
-1.29600e-02  1.00800e-02  1.574e-01
-1.22400e-02  1.00800e-02  1.575e-01
-1.15200e-02  1.00800e-02  1.575e-01
-1.08000e-02  1.00800e-02  1.576e-01
-1.00800e-02  1.00800e-02  1.576e-01
-9.36000e-03  1.00800e-02  1.576e-01
-8.64000e-03  1.00800e-02  1.577e-01
-7.92000e-03  1.00800e-02  1.577e-01
-7.20000e-03  1.00800e-02  1.577e-01
-6.48000e-03  1.00800e-02  1.578e-01
-5.76000e-03  1.00800e-02  1.578e-01
-5.04000e-03  1.00800e-02  1.578e-01
-4.32000e-03  1.00800e-02  1.578e-01
-3.60000e-03  1.00800e-02  1.578e-01
-2.88000e-03  1.00800e-02  1.578e-01
-2.16000e-03  1.00800e-02  1.578e-01
-1.44000e-03  1.00800e-02  1.578e-01
-7.20000e-04  1.00800e-02  1.578e-01
 0.00000e+00  1.00800e-02  1.578e-01
 7.20000e-04  1.00800e-02  1.578e-01
 1.44000e-03  1.00800e-02  1.578e-01
 2.16000e-03  1.00800e-02  1.578e-01
 2.88000e-03  1.00800e-02  1.578e-01
 3.60000e-03  1.00800e-02  1.578e-01
 4.32000e-03  1.00800e-02  1.578e-01
 5.04000e-03  1.00800e-02  1.578e-01
 5.76000e-03  1.00800e-02  1.578e-01
 6.48000e-03  1.00800e-02  1.577e-01
 7.20000e-03  1.00800e-02  1.577e-01
 7.92000e-03  1.00800e-02  1.577e-01
 8.64000e-03  1.00800e-02  1.576e-01
 9.36000e-03  1.00800e-02  1.576e-01
 1.00800e-02  1.00800e-02  1.576e-01
 1.08000e-02  1.00800e-02  1.575e-01
 1.15200e-02  1.00800e-02  1.575e-01
 1.22400e-02  1.00800e-02  1.575e-01
 1.29600e-02  1.00800e-02  1.574e-01
 1.36800e-02  1.00800e-02  1.574e-01
 1.44000e-02  1.00800e-02  1.573e-01
 1.51200e-02  1.00800e-02  1.572e-01
 1.58400e-02  1.00800e-02  1.572e-01
 1.65600e-02  1.00800e-02  1.571e-01
 1.72800e-02  1.00800e-02  1.570e-01
 1.80000e-02  1.00800e-02  1.570e-01
-1.80000e-02  1.08000e-02  1.564e-01
-1.72800e-02  1.08000e-02  1.565e-01
-1.65600e-02  1.08000e-02  1.565e-01
-1.58400e-02  1.08000e-02  1.566e-01
-1.51200e-02  1.08000e-02  1.567e-01
-1.44000e-02  1.08000e-02  1.567e-01
-1.36800e-02  1.08000e-02  1.568e-01
-1.29600e-02  1.08000e-02  1.568e-01
-1.22400e-02  1.08000e-02  1.569e-01
-1.15200e-02  1.08000e-02  1.569e-01
-1.08000e-02  1.08000e-02  1.570e-01
-1.00800e-02  1.08000e-02  1.570e-01
-9.36000e-03  1.08000e-02  1.570e-01
-8.64000e-03  1.08000e-02  1.571e-01
-7.92000e-03  1.08000e-02  1.571e-01
-7.20000e-03  1.08000e-02  1.571e-01
-6.48000e-03  1.08000e-02  1.572e-01
-5.76000e-03  1.08000e-02  1.572e-01
-5.04000e-03  1.08000e-02  1.572e-01
-4.32000e-03  1.08000e-02  1.572e-01
-3.60000e-03  1.08000e-02  1.572e-01
-2.88000e-03  1.08000e-02  1.572e-01
-2.16000e-03  1.08000e-02  1.572e-01
-1.44000e-03  1.08000e-02  1.572e-01
-7.20000e-04  1.08000e-02  1.572e-01
 0.00000e+00  1.08000e-02  1.572e-01
 7.20000e-04  1.08000e-02  1.572e-01
 1.44000e-03  1.08000e-02  1.572e-01
 2.16000e-03  1.08000e-02  1.572e-01
 2.88000e-03  1.08000e-02  1.572e-01
 3.60000e-03  1.08000e-02  1.572e-01
 4.32000e-03  1.08000e-02  1.572e-01
 5.04000e-03  1.08000e-02  1.572e-01
 5.76000e-03  1.08000e-02  1.571e-01
 6.48000e-03  1.08000e-02  1.571e-01
 7.20000e-03  1.08000e-02  1.571e-01
 7.92000e-03  1.08000e-02  1.571e-01
 8.64000e-03  1.08000e-02  1.570e-01
 9.36000e-03  1.08000e-02  1.570e-01
 1.00800e-02  1.08000e-02  1.570e-01
 1.08000e-02  1.08000e-02  1.569e-01
 1.15200e-02  1.08000e-02  1.569e-01
 1.22400e-02  1.08000e-02  1.569e-01
 1.29600e-02  1.08000e-02  1.568e-01
 1.36800e-02  1.08000e-02  1.568e-01
 1.44000e-02  1.08000e-02  1.567e-01
 1.51200e-02  1.08000e-02  1.566e-01
 1.58400e-02  1.08000e-02  1.566e-01
 1.65600e-02  1.08000e-02  1.565e-01
 1.72800e-02  1.08000e-02  1.564e-01
 1.80000e-02  1.08000e-02  1.563e-01
-1.80000e-02  1.15200e-02  1.557e-01
-1.72800e-02  1.15200e-02  1.558e-01
-1.65600e-02  1.15200e-02  1.559e-01
-1.58400e-02  1.15200e-02  1.560e-01
-1.51200e-02  1.15200e-02  1.560e-01
-1.44000e-02  1.15200e-02  1.561e-01
-1.36800e-02  1.15200e-02  1.561e-01
-1.29600e-02  1.15200e-02  1.562e-01
-1.22400e-02  1.15200e-02  1.562e-01
-1.15200e-02  1.15200e-02  1.563e-01
-1.08000e-02  1.15200e-02  1.563e-01
-1.00800e-02  1.15200e-02  1.564e-01
-9.36000e-03  1.15200e-02  1.564e-01
-8.64000e-03  1.15200e-02  1.564e-01
-7.92000e-03  1.15200e-02  1.565e-01
-7.20000e-03  1.15200e-02  1.565e-01
-6.48000e-03  1.15200e-02  1.565e-01
-5.76000e-03  1.15200e-02  1.565e-01
-5.04000e-03  1.15200e-02  1.566e-01
-4.32000e-03  1.15200e-02  1.566e-01
-3.60000e-03  1.15200e-02  1.566e-01
-2.88000e-03  1.15200e-02  1.566e-01
-2.16000e-03  1.15200e-02  1.566e-01
-1.44000e-03  1.15200e-02  1.566e-01
-7.20000e-04  1.15200e-02  1.566e-01
 0.00000e+00  1.15200e-02  1.566e-01
 7.20000e-04  1.15200e-02  1.566e-01
 1.44000e-03  1.15200e-02  1.566e-01
 2.16000e-03  1.15200e-02  1.566e-01
 2.88000e-03  1.15200e-02  1.566e-01
 3.60000e-03  1.15200e-02  1.566e-01
 4.32000e-03  1.15200e-02  1.565e-01
 5.04000e-03  1.15200e-02  1.565e-01
 5.76000e-03  1.15200e-02  1.565e-01
 6.48000e-03  1.15200e-02  1.565e-01
 7.20000e-03  1.15200e-02  1.565e-01
 7.92000e-03  1.15200e-02  1.564e-01
 8.64000e-03  1.15200e-02  1.564e-01
 9.36000e-03  1.15200e-02  1.564e-01
 1.00800e-02  1.15200e-02  1.563e-01
 1.08000e-02  1.15200e-02  1.563e-01
 1.15200e-02  1.15200e-02  1.563e-01
 1.22400e-02  1.15200e-02  1.562e-01
 1.29600e-02  1.15200e-02  1.562e-01
 1.36800e-02  1.15200e-02  1.561e-01
 1.44000e-02  1.15200e-02  1.561e-01
 1.51200e-02  1.15200e-02  1.560e-01
 1.58400e-02  1.15200e-02  1.559e-01
 1.65600e-02  1.15200e-02  1.559e-01
 1.72800e-02  1.15200e-02  1.558e-01
 1.80000e-02  1.15200e-02  1.557e-01
-1.80000e-02  1.22400e-02  1.551e-01
-1.72800e-02  1.22400e-02  1.551e-01
-1.65600e-02  1.22400e-02  1.552e-01
-1.58400e-02  1.22400e-02  1.553e-01
-1.51200e-02  1.22400e-02  1.553e-01
-1.44000e-02  1.22400e-02  1.554e-01
-1.36800e-02  1.22400e-02  1.555e-01
-1.29600e-02  1.22400e-02  1.555e-01
-1.22400e-02  1.22400e-02  1.556e-01
-1.15200e-02  1.22400e-02  1.556e-01
-1.08000e-02  1.22400e-02  1.556e-01
-1.00800e-02  1.22400e-02  1.557e-01
-9.36000e-03  1.22400e-02  1.557e-01
-8.64000e-03  1.22400e-02  1.557e-01
-7.92000e-03  1.22400e-02  1.558e-01
-7.20000e-03  1.22400e-02  1.558e-01
-6.48000e-03  1.22400e-02  1.558e-01
-5.76000e-03  1.22400e-02  1.559e-01
-5.04000e-03  1.22400e-02  1.559e-01
-4.32000e-03  1.22400e-02  1.559e-01
-3.60000e-03  1.22400e-02  1.559e-01
-2.88000e-03  1.22400e-02  1.559e-01
-2.16000e-03  1.22400e-02  1.559e-01
-1.44000e-03  1.22400e-02  1.559e-01
-7.20000e-04  1.22400e-02  1.559e-01
 0.00000e+00  1.22400e-02  1.559e-01
 7.20000e-04  1.22400e-02  1.559e-01
 1.44000e-03  1.22400e-02  1.559e-01
 2.16000e-03  1.22400e-02  1.559e-01
 2.88000e-03  1.22400e-02  1.559e-01
 3.60000e-03  1.22400e-02  1.559e-01
 4.32000e-03  1.22400e-02  1.559e-01
 5.04000e-03  1.22400e-02  1.558e-01
 5.76000e-03  1.22400e-02  1.558e-01
 6.48000e-03  1.22400e-02  1.558e-01
 7.20000e-03  1.22400e-02  1.558e-01
 7.92000e-03  1.22400e-02  1.557e-01
 8.64000e-03  1.22400e-02  1.557e-01
 9.36000e-03  1.22400e-02  1.557e-01
 1.00800e-02  1.22400e-02  1.556e-01
 1.08000e-02  1.22400e-02  1.556e-01
 1.15200e-02  1.22400e-02  1.556e-01
 1.22400e-02  1.22400e-02  1.555e-01
 1.29600e-02  1.22400e-02  1.555e-01
 1.36800e-02  1.22400e-02  1.554e-01
 1.44000e-02  1.22400e-02  1.554e-01
 1.51200e-02  1.22400e-02  1.553e-01
 1.58400e-02  1.22400e-02  1.553e-01
 1.65600e-02  1.22400e-02  1.552e-01
 1.72800e-02  1.22400e-02  1.551e-01
 1.80000e-02  1.22400e-02  1.550e-01
-1.80000e-02  1.29600e-02  1.543e-01
-1.72800e-02  1.29600e-02  1.544e-01
-1.65600e-02  1.29600e-02  1.545e-01
-1.58400e-02  1.29600e-02  1.546e-01
-1.51200e-02  1.29600e-02  1.546e-01
-1.44000e-02  1.29600e-02  1.547e-01
-1.36800e-02  1.29600e-02  1.547e-01
-1.29600e-02  1.29600e-02  1.548e-01
-1.22400e-02  1.29600e-02  1.548e-01
-1.15200e-02  1.29600e-02  1.549e-01
-1.08000e-02  1.29600e-02  1.549e-01
-1.00800e-02  1.29600e-02  1.550e-01
-9.36000e-03  1.29600e-02  1.550e-01
-8.64000e-03  1.29600e-02  1.550e-01
-7.92000e-03  1.29600e-02  1.551e-01
-7.20000e-03  1.29600e-02  1.551e-01
-6.48000e-03  1.29600e-02  1.551e-01
-5.76000e-03  1.29600e-02  1.551e-01
-5.04000e-03  1.29600e-02  1.551e-01
-4.32000e-03  1.29600e-02  1.552e-01
-3.60000e-03  1.29600e-02  1.552e-01
-2.88000e-03  1.29600e-02  1.552e-01
-2.16000e-03  1.29600e-02  1.552e-01
-1.44000e-03  1.29600e-02  1.552e-01
-7.20000e-04  1.29600e-02  1.552e-01
 0.00000e+00  1.29600e-02  1.552e-01
 7.20000e-04  1.29600e-02  1.552e-01
 1.44000e-03  1.29600e-02  1.552e-01
 2.16000e-03  1.29600e-02  1.552e-01
 2.88000e-03  1.29600e-02  1.552e-01
 3.60000e-03  1.29600e-02  1.551e-01
 4.32000e-03  1.29600e-02  1.551e-01
 5.04000e-03  1.29600e-02  1.551e-01
 5.76000e-03  1.29600e-02  1.551e-01
 6.48000e-03  1.29600e-02  1.551e-01
 7.20000e-03  1.29600e-02  1.551e-01
 7.92000e-03  1.29600e-02  1.550e-01
 8.64000e-03  1.29600e-02  1.550e-01
 9.36000e-03  1.29600e-02  1.550e-01
 1.00800e-02  1.29600e-02  1.549e-01
 1.08000e-02  1.29600e-02  1.549e-01
 1.15200e-02  1.29600e-02  1.549e-01
 1.22400e-02  1.29600e-02  1.548e-01
 1.29600e-02  1.29600e-02  1.548e-01
 1.36800e-02  1.29600e-02  1.547e-01
 1.44000e-02  1.29600e-02  1.547e-01
 1.51200e-02  1.29600e-02  1.546e-01
 1.58400e-02  1.29600e-02  1.545e-01
 1.65600e-02  1.29600e-02  1.545e-01
 1.72800e-02  1.29600e-02  1.544e-01
 1.80000e-02  1.29600e-02  1.543e-01
-1.80000e-02  1.36800e-02  1.536e-01
-1.72800e-02  1.36800e-02  1.537e-01
-1.65600e-02  1.36800e-02  1.537e-01
-1.58400e-02  1.36800e-02  1.538e-01
-1.51200e-02  1.36800e-02  1.539e-01
-1.44000e-02  1.36800e-02  1.539e-01
-1.36800e-02  1.36800e-02  1.540e-01
-1.29600e-02  1.36800e-02  1.540e-01
-1.22400e-02  1.36800e-02  1.541e-01
-1.15200e-02  1.36800e-02  1.541e-01
-1.08000e-02  1.36800e-02  1.542e-01
-1.00800e-02  1.36800e-02  1.542e-01
-9.36000e-03  1.36800e-02  1.542e-01
-8.64000e-03  1.36800e-02  1.543e-01
-7.92000e-03  1.36800e-02  1.543e-01
-7.20000e-03  1.36800e-02  1.543e-01
-6.48000e-03  1.36800e-02  1.544e-01
-5.76000e-03  1.36800e-02  1.544e-01
-5.04000e-03  1.36800e-02  1.544e-01
-4.32000e-03  1.36800e-02  1.544e-01
-3.60000e-03  1.36800e-02  1.544e-01
-2.88000e-03  1.36800e-02  1.544e-01
-2.16000e-03  1.36800e-02  1.544e-01
-1.44000e-03  1.36800e-02  1.544e-01
-7.20000e-04  1.36800e-02  1.544e-01
 0.00000e+00  1.36800e-02  1.544e-01
 7.20000e-04  1.36800e-02  1.544e-01
 1.44000e-03  1.36800e-02  1.544e-01
 2.16000e-03  1.36800e-02  1.544e-01
 2.88000e-03  1.36800e-02  1.544e-01
 3.60000e-03  1.36800e-02  1.544e-01
 4.32000e-03  1.36800e-02  1.544e-01
 5.04000e-03  1.36800e-02  1.544e-01
 5.76000e-03  1.36800e-02  1.543e-01
 6.48000e-03  1.36800e-02  1.543e-01
 7.20000e-03  1.36800e-02  1.543e-01
 7.92000e-03  1.36800e-02  1.543e-01
 8.64000e-03  1.36800e-02  1.542e-01
 9.36000e-03  1.36800e-02  1.542e-01
 1.00800e-02  1.36800e-02  1.542e-01
 1.08000e-02  1.36800e-02  1.541e-01
 1.15200e-02  1.36800e-02  1.541e-01
 1.22400e-02  1.36800e-02  1.541e-01
 1.29600e-02  1.36800e-02  1.540e-01
 1.36800e-02  1.36800e-02  1.540e-01
 1.44000e-02  1.36800e-02  1.539e-01
 1.51200e-02  1.36800e-02  1.538e-01
 1.58400e-02  1.36800e-02  1.538e-01
 1.65600e-02  1.36800e-02  1.537e-01
 1.72800e-02  1.36800e-02  1.536e-01
 1.80000e-02  1.36800e-02  1.536e-01
-1.80000e-02  1.44000e-02  1.528e-01
-1.72800e-02  1.44000e-02  1.529e-01
-1.65600e-02  1.44000e-02  1.530e-01
-1.58400e-02  1.44000e-02  1.530e-01
-1.51200e-02  1.44000e-02  1.531e-01
-1.44000e-02  1.44000e-02  1.531e-01
-1.36800e-02  1.44000e-02  1.532e-01
-1.29600e-02  1.44000e-02  1.532e-01
-1.22400e-02  1.44000e-02  1.533e-01
-1.15200e-02  1.44000e-02  1.533e-01
-1.08000e-02  1.44000e-02  1.534e-01
-1.00800e-02  1.44000e-02  1.534e-01
-9.36000e-03  1.44000e-02  1.534e-01
-8.64000e-03  1.44000e-02  1.535e-01
-7.92000e-03  1.44000e-02  1.535e-01
-7.20000e-03  1.44000e-02  1.535e-01
-6.48000e-03  1.44000e-02  1.536e-01
-5.76000e-03  1.44000e-02  1.536e-01
-5.04000e-03  1.44000e-02  1.536e-01
-4.32000e-03  1.44000e-02  1.536e-01
-3.60000e-03  1.44000e-02  1.536e-01
-2.88000e-03  1.44000e-02  1.536e-01
-2.16000e-03  1.44000e-02  1.536e-01
-1.44000e-03  1.44000e-02  1.536e-01
-7.20000e-04  1.44000e-02  1.536e-01
 0.00000e+00  1.44000e-02  1.536e-01
 7.20000e-04  1.44000e-02  1.536e-01
 1.44000e-03  1.44000e-02  1.536e-01
 2.16000e-03  1.44000e-02  1.536e-01
 2.88000e-03  1.44000e-02  1.536e-01
 3.60000e-03  1.44000e-02  1.536e-01
 4.32000e-03  1.44000e-02  1.536e-01
 5.04000e-03  1.44000e-02  1.536e-01
 5.76000e-03  1.44000e-02  1.535e-01
 6.48000e-03  1.44000e-02  1.535e-01
 7.20000e-03  1.44000e-02  1.535e-01
 7.92000e-03  1.44000e-02  1.535e-01
 8.64000e-03  1.44000e-02  1.534e-01
 9.36000e-03  1.44000e-02  1.534e-01
 1.00800e-02  1.44000e-02  1.534e-01
 1.08000e-02  1.44000e-02  1.533e-01
 1.15200e-02  1.44000e-02  1.533e-01
 1.22400e-02  1.44000e-02  1.533e-01
 1.29600e-02  1.44000e-02  1.532e-01
 1.36800e-02  1.44000e-02  1.532e-01
 1.44000e-02  1.44000e-02  1.531e-01
 1.51200e-02  1.44000e-02  1.530e-01
 1.58400e-02  1.44000e-02  1.530e-01
 1.65600e-02  1.44000e-02  1.529e-01
 1.72800e-02  1.44000e-02  1.528e-01
 1.80000e-02  1.44000e-02  1.528e-01
-1.80000e-02  1.51200e-02  1.520e-01
-1.72800e-02  1.51200e-02  1.521e-01
-1.65600e-02  1.51200e-02  1.521e-01
-1.58400e-02  1.51200e-02  1.522e-01
-1.51200e-02  1.51200e-02  1.523e-01
-1.44000e-02  1.51200e-02  1.523e-01
-1.36800e-02  1.51200e-02  1.524e-01
-1.29600e-02  1.51200e-02  1.524e-01
-1.22400e-02  1.51200e-02  1.525e-01
-1.15200e-02  1.51200e-02  1.525e-01
-1.08000e-02  1.51200e-02  1.525e-01
-1.00800e-02  1.51200e-02  1.526e-01
-9.36000e-03  1.51200e-02  1.526e-01
-8.64000e-03  1.51200e-02  1.527e-01
-7.92000e-03  1.51200e-02  1.527e-01
-7.20000e-03  1.51200e-02  1.527e-01
-6.48000e-03  1.51200e-02  1.527e-01
-5.76000e-03  1.51200e-02  1.528e-01
-5.04000e-03  1.51200e-02  1.528e-01
-4.32000e-03  1.51200e-02  1.528e-01
-3.60000e-03  1.51200e-02  1.528e-01
-2.88000e-03  1.51200e-02  1.528e-01
-2.16000e-03  1.51200e-02  1.528e-01
-1.44000e-03  1.51200e-02  1.528e-01
-7.20000e-04  1.51200e-02  1.528e-01
 0.00000e+00  1.51200e-02  1.528e-01
 7.20000e-04  1.51200e-02  1.528e-01
 1.44000e-03  1.51200e-02  1.528e-01
 2.16000e-03  1.51200e-02  1.528e-01
 2.88000e-03  1.51200e-02  1.528e-01
 3.60000e-03  1.51200e-02  1.528e-01
 4.32000e-03  1.51200e-02  1.528e-01
 5.04000e-03  1.51200e-02  1.527e-01
 5.76000e-03  1.51200e-02  1.527e-01
 6.48000e-03  1.51200e-02  1.527e-01
 7.20000e-03  1.51200e-02  1.527e-01
 7.92000e-03  1.51200e-02  1.526e-01
 8.64000e-03  1.51200e-02  1.526e-01
 9.36000e-03  1.51200e-02  1.526e-01
 1.00800e-02  1.51200e-02  1.526e-01
 1.08000e-02  1.51200e-02  1.525e-01
 1.15200e-02  1.51200e-02  1.525e-01
 1.22400e-02  1.51200e-02  1.524e-01
 1.29600e-02  1.51200e-02  1.524e-01
 1.36800e-02  1.51200e-02  1.523e-01
 1.44000e-02  1.51200e-02  1.523e-01
 1.51200e-02  1.51200e-02  1.522e-01
 1.58400e-02  1.51200e-02  1.522e-01
 1.65600e-02  1.51200e-02  1.521e-01
 1.72800e-02  1.51200e-02  1.520e-01
 1.80000e-02  1.51200e-02  1.519e-01
-1.80000e-02  1.58400e-02  1.511e-01
-1.72800e-02  1.58400e-02  1.512e-01
-1.65600e-02  1.58400e-02  1.513e-01
-1.58400e-02  1.58400e-02  1.513e-01
-1.51200e-02  1.58400e-02  1.514e-01
-1.44000e-02  1.58400e-02  1.515e-01
-1.36800e-02  1.58400e-02  1.515e-01
-1.29600e-02  1.58400e-02  1.516e-01
-1.22400e-02  1.58400e-02  1.516e-01
-1.15200e-02  1.58400e-02  1.516e-01
-1.08000e-02  1.58400e-02  1.517e-01
-1.00800e-02  1.58400e-02  1.517e-01
-9.36000e-03  1.58400e-02  1.518e-01
-8.64000e-03  1.58400e-02  1.518e-01
-7.92000e-03  1.58400e-02  1.518e-01
-7.20000e-03  1.58400e-02  1.518e-01
-6.48000e-03  1.58400e-02  1.519e-01
-5.76000e-03  1.58400e-02  1.519e-01
-5.04000e-03  1.58400e-02  1.519e-01
-4.32000e-03  1.58400e-02  1.519e-01
-3.60000e-03  1.58400e-02  1.519e-01
-2.88000e-03  1.58400e-02  1.519e-01
-2.16000e-03  1.58400e-02  1.520e-01
-1.44000e-03  1.58400e-02  1.520e-01
-7.20000e-04  1.58400e-02  1.520e-01
 0.00000e+00  1.58400e-02  1.520e-01
 7.20000e-04  1.58400e-02  1.520e-01
 1.44000e-03  1.58400e-02  1.520e-01
 2.16000e-03  1.58400e-02  1.520e-01
 2.88000e-03  1.58400e-02  1.519e-01
 3.60000e-03  1.58400e-02  1.519e-01
 4.32000e-03  1.58400e-02  1.519e-01
 5.04000e-03  1.58400e-02  1.519e-01
 5.76000e-03  1.58400e-02  1.519e-01
 6.48000e-03  1.58400e-02  1.518e-01
 7.20000e-03  1.58400e-02  1.518e-01
 7.92000e-03  1.58400e-02  1.518e-01
 8.64000e-03  1.58400e-02  1.518e-01
 9.36000e-03  1.58400e-02  1.517e-01
 1.00800e-02  1.58400e-02  1.517e-01
 1.08000e-02  1.58400e-02  1.517e-01
 1.15200e-02  1.58400e-02  1.516e-01
 1.22400e-02  1.58400e-02  1.516e-01
 1.29600e-02  1.58400e-02  1.515e-01
 1.36800e-02  1.58400e-02  1.515e-01
 1.44000e-02  1.58400e-02  1.514e-01
 1.51200e-02  1.58400e-02  1.514e-01
 1.58400e-02  1.58400e-02  1.513e-01
 1.65600e-02  1.58400e-02  1.512e-01
 1.72800e-02  1.58400e-02  1.512e-01
 1.80000e-02  1.58400e-02  1.511e-01
-1.80000e-02  1.65600e-02  1.502e-01
-1.72800e-02  1.65600e-02  1.503e-01
-1.65600e-02  1.65600e-02  1.504e-01
-1.58400e-02  1.65600e-02  1.504e-01
-1.51200e-02  1.65600e-02  1.505e-01
-1.44000e-02  1.65600e-02  1.506e-01
-1.36800e-02  1.65600e-02  1.506e-01
-1.29600e-02  1.65600e-02  1.507e-01
-1.22400e-02  1.65600e-02  1.507e-01
-1.15200e-02  1.65600e-02  1.508e-01
-1.08000e-02  1.65600e-02  1.508e-01
-1.00800e-02  1.65600e-02  1.508e-01
-9.36000e-03  1.65600e-02  1.509e-01
-8.64000e-03  1.65600e-02  1.509e-01
-7.92000e-03  1.65600e-02  1.509e-01
-7.20000e-03  1.65600e-02  1.509e-01
-6.48000e-03  1.65600e-02  1.510e-01
-5.76000e-03  1.65600e-02  1.510e-01
-5.04000e-03  1.65600e-02  1.510e-01
-4.32000e-03  1.65600e-02  1.510e-01
-3.60000e-03  1.65600e-02  1.510e-01
-2.88000e-03  1.65600e-02  1.510e-01
-2.16000e-03  1.65600e-02  1.511e-01
-1.44000e-03  1.65600e-02  1.511e-01
-7.20000e-04  1.65600e-02  1.511e-01
 0.00000e+00  1.65600e-02  1.511e-01
 7.20000e-04  1.65600e-02  1.511e-01
 1.44000e-03  1.65600e-02  1.511e-01
 2.16000e-03  1.65600e-02  1.511e-01
 2.88000e-03  1.65600e-02  1.510e-01
 3.60000e-03  1.65600e-02  1.510e-01
 4.32000e-03  1.65600e-02  1.510e-01
 5.04000e-03  1.65600e-02  1.510e-01
 5.76000e-03  1.65600e-02  1.510e-01
 6.48000e-03  1.65600e-02  1.509e-01
 7.20000e-03  1.65600e-02  1.509e-01
 7.92000e-03  1.65600e-02  1.509e-01
 8.64000e-03  1.65600e-02  1.509e-01
 9.36000e-03  1.65600e-02  1.508e-01
 1.00800e-02  1.65600e-02  1.508e-01
 1.08000e-02  1.65600e-02  1.508e-01
 1.15200e-02  1.65600e-02  1.507e-01
 1.22400e-02  1.65600e-02  1.507e-01
 1.29600e-02  1.65600e-02  1.506e-01
 1.36800e-02  1.65600e-02  1.506e-01
 1.44000e-02  1.65600e-02  1.505e-01
 1.51200e-02  1.65600e-02  1.505e-01
 1.58400e-02  1.65600e-02  1.504e-01
 1.65600e-02  1.65600e-02  1.503e-01
 1.72800e-02  1.65600e-02  1.503e-01
 1.80000e-02  1.65600e-02  1.502e-01
-1.80000e-02  1.72800e-02  1.493e-01
-1.72800e-02  1.72800e-02  1.494e-01
-1.65600e-02  1.72800e-02  1.494e-01
-1.58400e-02  1.72800e-02  1.495e-01
-1.51200e-02  1.72800e-02  1.496e-01
-1.44000e-02  1.72800e-02  1.496e-01
-1.36800e-02  1.72800e-02  1.497e-01
-1.29600e-02  1.72800e-02  1.497e-01
-1.22400e-02  1.72800e-02  1.498e-01
-1.15200e-02  1.72800e-02  1.498e-01
-1.08000e-02  1.72800e-02  1.499e-01
-1.00800e-02  1.72800e-02  1.499e-01
-9.36000e-03  1.72800e-02  1.499e-01
-8.64000e-03  1.72800e-02  1.500e-01
-7.92000e-03  1.72800e-02  1.500e-01
-7.20000e-03  1.72800e-02  1.500e-01
-6.48000e-03  1.72800e-02  1.500e-01
-5.76000e-03  1.72800e-02  1.501e-01
-5.04000e-03  1.72800e-02  1.501e-01
-4.32000e-03  1.72800e-02  1.501e-01
-3.60000e-03  1.72800e-02  1.501e-01
-2.88000e-03  1.72800e-02  1.501e-01
-2.16000e-03  1.72800e-02  1.501e-01
-1.44000e-03  1.72800e-02  1.501e-01
-7.20000e-04  1.72800e-02  1.501e-01
 0.00000e+00  1.72800e-02  1.501e-01
 7.20000e-04  1.72800e-02  1.501e-01
 1.44000e-03  1.72800e-02  1.501e-01
 2.16000e-03  1.72800e-02  1.501e-01
 2.88000e-03  1.72800e-02  1.501e-01
 3.60000e-03  1.72800e-02  1.501e-01
 4.32000e-03  1.72800e-02  1.501e-01
 5.04000e-03  1.72800e-02  1.501e-01
 5.76000e-03  1.72800e-02  1.500e-01
 6.48000e-03  1.72800e-02  1.500e-01
 7.20000e-03  1.72800e-02  1.500e-01
 7.92000e-03  1.72800e-02  1.500e-01
 8.64000e-03  1.72800e-02  1.499e-01
 9.36000e-03  1.72800e-02  1.499e-01
 1.00800e-02  1.72800e-02  1.499e-01
 1.08000e-02  1.72800e-02  1.498e-01
 1.15200e-02  1.72800e-02  1.498e-01
 1.22400e-02  1.72800e-02  1.498e-01
 1.29600e-02  1.72800e-02  1.497e-01
 1.36800e-02  1.72800e-02  1.497e-01
 1.44000e-02  1.72800e-02  1.496e-01
 1.51200e-02  1.72800e-02  1.495e-01
 1.58400e-02  1.72800e-02  1.495e-01
 1.65600e-02  1.72800e-02  1.494e-01
 1.72800e-02  1.72800e-02  1.493e-01
 1.80000e-02  1.72800e-02  1.493e-01
-1.80000e-02  1.80000e-02  1.483e-01
-1.72800e-02  1.80000e-02  1.484e-01
-1.65600e-02  1.80000e-02  1.485e-01
-1.58400e-02  1.80000e-02  1.485e-01
-1.51200e-02  1.80000e-02  1.486e-01
-1.44000e-02  1.80000e-02  1.487e-01
-1.36800e-02  1.80000e-02  1.487e-01
-1.29600e-02  1.80000e-02  1.488e-01
-1.22400e-02  1.80000e-02  1.488e-01
-1.15200e-02  1.80000e-02  1.489e-01
-1.08000e-02  1.80000e-02  1.489e-01
-1.00800e-02  1.80000e-02  1.489e-01
-9.36000e-03  1.80000e-02  1.490e-01
-8.64000e-03  1.80000e-02  1.490e-01
-7.92000e-03  1.80000e-02  1.490e-01
-7.20000e-03  1.80000e-02  1.491e-01
-6.48000e-03  1.80000e-02  1.491e-01
-5.76000e-03  1.80000e-02  1.491e-01
-5.04000e-03  1.80000e-02  1.491e-01
-4.32000e-03  1.80000e-02  1.491e-01
-3.60000e-03  1.80000e-02  1.491e-01
-2.88000e-03  1.80000e-02  1.492e-01
-2.16000e-03  1.80000e-02  1.492e-01
-1.44000e-03  1.80000e-02  1.492e-01
-7.20000e-04  1.80000e-02  1.492e-01
 0.00000e+00  1.80000e-02  1.492e-01
 7.20000e-04  1.80000e-02  1.492e-01
 1.44000e-03  1.80000e-02  1.492e-01
 2.16000e-03  1.80000e-02  1.492e-01
 2.88000e-03  1.80000e-02  1.492e-01
 3.60000e-03  1.80000e-02  1.491e-01
 4.32000e-03  1.80000e-02  1.491e-01
 5.04000e-03  1.80000e-02  1.491e-01
 5.76000e-03  1.80000e-02  1.491e-01
 6.48000e-03  1.80000e-02  1.491e-01
 7.20000e-03  1.80000e-02  1.490e-01
 7.92000e-03  1.80000e-02  1.490e-01
 8.64000e-03  1.80000e-02  1.490e-01
 9.36000e-03  1.80000e-02  1.489e-01
 1.00800e-02  1.80000e-02  1.489e-01
 1.08000e-02  1.80000e-02  1.489e-01
 1.15200e-02  1.80000e-02  1.488e-01
 1.22400e-02  1.80000e-02  1.488e-01
 1.29600e-02  1.80000e-02  1.487e-01
 1.36800e-02  1.80000e-02  1.487e-01
 1.44000e-02  1.80000e-02  1.486e-01
 1.51200e-02  1.80000e-02  1.486e-01
 1.58400e-02  1.80000e-02  1.485e-01
 1.65600e-02  1.80000e-02  1.484e-01
 1.72800e-02  1.80000e-02  1.484e-01
 1.80000e-02  1.80000e-02  1.483e-01
